450.00 210.93
451.00 -207.50
452.00 -208.50
453.00 -209.50
454.00 -210.50
455.00 -211.50
456.00 -1.68
457.00 -1.07
458.00 -1.54
459.00 -1.20
460.00 -1.66
461.00 -1.59
462.00 -1.79
463.00 -1.99
464.00 -1.91
465.00 -2.38
466.00 -2.31
467.00 -2.50
468.00 -2.43
469.00 -2.63
470.00 -2.83
471.00 -3.03
472.00 -2.95
473.00 -2.88
474.00 -3.35
475.00 -3.28
476.00 -3.47
477.00 -3.67
478.00 -3.60
479.00 -3.80
480.00 -4.00
481.00 -3.92
482.00 -4.12
483.00 -4.32
484.00 -4.25
485.00 -4.18
486.00 -4.11
487.00 -4.30
488.00 -3.97
489.00 -4.16
490.00 -4.09
491.00 -4.02
492.00 -3.95
493.00 -3.88
494.00 -3.81
495.00 -3.74
496.00 -3.67
497.00 -3.60
498.00 -3.53
499.00 -3.73
500.00 -3.66
501.00 -3.86
502.00 -4.05
503.00 -4.25
504.00 -4.45
505.00 -4.64
506.00 -4.84
507.00 -4.77
508.00 -4.97
509.00 -5.17
510.00 -5.36
511.00 -5.29
512.00 -5.49
513.00 -5.69
514.00 -5.62
515.00 -5.82
516.00 -6.01
517.00 -5.94
518.00 -6.14
519.00 -6.07
520.00 -6.27
521.00 -6.47
522.00 -6.40
523.00 -6.33
524.00 -6.52
525.00 -6.72
526.00 -6.65
527.00 -6.58
528.00 -6.78
529.00 -6.71
530.00 -6.64
531.00 -6.84
532.00 -6.77
533.00 -6.70
534.00 -6.90
535.00 -6.83
536.00 -6.76
537.00 -6.96
538.00 -6.89
539.00 -7.08
540.00 -7.01
541.00 -7.21
542.00 -7.14
543.00 -7.34
544.00 -7.27
545.00 -7.47
546.00 -7.40
547.00 -7.33
548.00 -7.53
549.00 -7.46
550.00 -7.39
551.00 -7.59
552.00 -7.52
553.00 -7.45
554.00 -7.38
555.00 -7.58
556.00 -7.51
557.00 -7.44
558.00 -7.10
559.00 -6.77
560.00 -6.43
561.00 -6.36
562.00 -5.76
563.00 -5.69
564.00 -5.08
565.00 -4.75
566.00 -4.41
567.00 -4.07
568.00 -4.27
569.00 -4.20
570.00 -4.40
571.00 -4.33
572.00 -4.53
573.00 -4.46
574.00 -4.39
575.00 -4.59
576.00 -4.52
577.00 -4.72
578.00 -4.65
579.00 -4.58
580.00 -4.78
581.00 -4.71
582.00 -4.64
583.00 -4.84
584.00 -4.77
585.00 -4.71
586.00 -4.90
587.00 -4.84
588.00 -4.77
589.00 -4.70
590.00 -4.63
591.00 -4.56
592.00 -4.49
593.00 -4.69
594.00 -4.62
595.00 -4.55
596.00 -4.49
597.00 -4.42
598.00 -4.35
599.00 -4.55
600.00 -4.48
601.00 -4.68
602.00 -4.61
603.00 -4.54
604.00 -4.47
605.00 -4.67
606.00 -4.60
607.00 -4.53
608.00 -4.47
609.00 -4.67
610.00 -4.60
611.00 -4.80
612.00 -4.73
613.00 -4.93
614.00 -4.86
615.00 -5.06
616.00 -4.99
617.00 -4.92
618.00 -5.12
619.00 -5.05
620.00 -5.25
621.00 -5.18
622.00 -5.38
623.00 -5.58
624.00 -5.51
625.00 -5.71
626.00 -5.64
627.00 -5.84
628.00 -5.77
629.00 -5.97
630.00 -6.17
631.00 -6.10
632.00 -6.30
633.00 -6.24
634.00 -6.44
635.00 -6.37
636.00 -6.30
637.00 -6.23
638.00 -6.43
639.00 -6.63
640.00 -6.56
641.00 -6.49
642.00 -6.69
643.00 -6.63
644.00 -6.56
645.00 -6.49
646.00 -6.69
647.00 -6.89
648.00 -6.82
649.00 -6.75
650.00 -6.95
651.00 -7.15
652.00 -7.09
653.00 -7.02
654.00 -7.22
655.00 -7.15
656.00 -7.35
657.00 -7.28
658.00 -7.48
659.00 -7.15
660.00 -7.35
661.00 -7.55
662.00 -7.48
663.00 -7.41
664.00 -7.34
665.00 -7.54
666.00 -7.48
667.00 -7.41
668.00 -7.61
669.00 -7.27
670.00 -7.47
671.00 -7.41
672.00 -7.61
673.00 -7.01
674.00 -7.21
675.00 -7.14
676.00 -7.34
677.00 -7.54
678.00 -7.47
679.00 -7.67
680.00 -7.87
681.00 -7.80
682.00 -7.74
683.00 -7.94
684.00 -8.14
685.00 -8.07
686.00 -8.00
687.00 -8.20
688.00 -8.13
689.00 -8.60
690.00 -8.27
691.00 -8.20
692.00 -8.13
693.00 -8.60
694.00 -8.53
695.00 -8.47
696.00 -8.67
697.00 -8.33
698.00 -8.27
699.00 -8.47
700.00 -8.67
701.00 -8.33
702.00 -8.53
703.00 -8.47
704.00 -8.40
705.00 -8.33
706.00 -8.53
707.00 -8.47
708.00 -8.40
709.00 -8.60
710.00 -8.53
711.00 -8.47
712.00 -8.40
713.00 -8.33
714.00 -8.80
715.00 -8.47
716.00 -8.67
717.00 -8.34
718.00 -8.54
719.00 -9.00
720.00 -8.67
721.00 -8.60
722.00 -8.27
723.00 -8.47
724.00 -8.67
725.00 -8.60
726.00 -8.54
727.00 -8.21
728.00 -8.41
729.00 -8.34
730.00 -8.54
731.00 -8.21
732.00 -8.14
733.00 -8.08
734.00 -8.54
735.00 -7.94
736.00 -8.14
737.00 -7.28
738.00 -7.75
739.00 -7.68
740.00 -7.61
741.00 -7.55
742.00 -7.48
743.00 -7.68
744.00 -8.15
745.00 -8.08
746.00 -8.28
747.00 -8.22
748.00 -8.42
749.00 -8.62
750.00 -9.09
751.00 -8.75
752.00 -8.69
753.00 -9.16
754.00 -9.09
755.00 -9.02
756.00 -8.96
757.00 -9.16
758.00 -9.36
759.00 -9.29
760.00 -9.50
761.00 -9.16
762.00 -9.36
763.00 -9.83
764.00 -9.77
765.00 -9.70
766.00 -9.63
767.00 -9.57
768.00 -9.50
769.00 -9.44
770.00 -9.64
771.00 -9.84
772.00 -9.24
773.00 -9.71
774.00 -9.38
775.00 -9.58
776.00 -9.25
777.00 -9.71
778.00 -9.38
779.00 -9.32
780.00 -9.25
781.00 -9.19
782.00 -9.12
783.00 -9.59
784.00 -9.52
785.00 -9.73
786.00 -9.66
787.00 -9.86
788.00 -10.06
789.00 -10.00
790.00 -9.93
791.00 -9.60
792.00 -10.07
793.00 -10.54
794.00 -10.47
795.00 -10.41
796.00 -10.87
797.00 -10.81
798.00 -10.21
799.00 -10.41
800.00 -10.08
801.00 -10.55
802.00 -10.48
803.00 -10.42
804.00 -10.89
805.00 -10.82
806.00 -10.49
807.00 -10.16
808.00 -10.63
809.00 -10.56
810.00 -10.23
811.00 -10.97
812.00 -10.63
813.00 -10.84
814.00 -9.97
815.00 -10.17
816.00 -10.11
817.00 -10.31
818.00 -9.98
819.00 -9.92
820.00 -10.38
821.00 -9.79
822.00 -9.19
823.00 -9.66
824.00 -10.13
825.00 -9.53
826.00 -9.73
827.00 -9.40
828.00 -10.13
829.00 -9.80
830.00 -9.74
831.00 -10.21
832.00 -10.14
833.00 -10.08
834.00 -9.75
835.00 -9.95
836.00 -10.15
837.00 -10.35
838.00 -10.82
839.00 -10.23
840.00 -10.43
841.00 -10.63
842.00 -10.57
843.00 -10.23
844.00 -10.44
845.00 -10.90
846.00 -10.31
847.00 -10.51
848.00 -10.71
849.00 -10.65
850.00 -11.12
