0.00 3453.60
1.00 3596.60
2.00 3595.20
3.00 3573.80
4.00 3574.60
5.00 3563.00
6.00 3555.00
7.00 3548.00
8.00 3539.80
9.00 3516.60
10.00 3509.80
11.00 3511.00
12.00 3509.40
13.00 3521.80
14.00 3509.80
15.00 3490.20
16.00 3494.60
17.00 3481.20
18.00 3488.00
19.00 3474.20
20.00 3494.40
21.00 3463.60
22.00 3474.00
23.00 3458.00
24.00 3481.40
25.00 3502.00
26.00 3489.00
27.00 3458.20
28.00 3461.80
29.00 3465.80
30.00 3459.00
31.00 3450.40
32.00 3447.60
33.00 3454.60
34.00 3469.20
35.00 3453.00
36.00 3472.60
37.00 3477.20
38.00 3458.60
39.00 3494.80
40.00 3471.60
41.00 3475.00
42.00 3460.00
43.00 3462.20
44.00 3472.00
45.00 3471.20
46.00 3461.00
47.00 3451.80
48.00 3471.20
49.00 3458.60
50.00 3438.40
51.00 3439.60
52.00 3469.00
53.00 3446.60
54.00 3454.20
55.00 3441.80
56.00 3461.80
57.00 3432.00
58.00 3439.80
59.00 3446.60
60.00 3441.60
61.00 3420.80
62.00 3439.00
63.00 3443.20
64.00 3432.00
65.00 3417.20
66.00 3441.40
67.00 3415.80
68.00 3458.60
69.00 3418.40
70.00 3428.80
71.00 3419.40
72.00 3437.40
73.00 3445.20
74.00 3430.40
75.00 3449.40
76.00 3450.40
77.00 3438.20
78.00 3434.40
79.00 3420.60
80.00 3430.20
81.00 3431.40
82.00 3437.40
83.00 3427.60
84.00 3411.20
85.00 3431.80
86.00 3445.20
87.00 3437.40
88.00 3441.60
89.00 3422.40
90.00 3458.80
91.00 3414.40
92.00 3396.40
93.00 3399.40
94.00 3420.40
95.00 3429.00
96.00 3432.00
97.00 3408.80
98.00 3425.60
99.00 3396.80
100.00 3436.60
101.00 3423.60
102.00 3438.40
103.00 3427.80
104.00 3427.00
105.00 3441.20
106.00 3415.60
107.00 3417.80
108.00 3420.60
109.00 3404.80
110.00 3395.00
111.00 3407.40
112.00 3421.80
113.00 3384.40
114.00 3385.80
115.00 3381.40
116.00 3406.80
117.00 3387.60
118.00 3373.80
119.00 3360.80
120.00 3378.80
121.00 3381.60
122.00 3378.20
123.00 3373.20
124.00 3388.40
125.00 3398.00
126.00 3390.00
127.00 3392.40
128.00 3369.20
129.00 3355.60
130.00 3344.20
131.00 3376.20
132.00 3358.80
133.00 3360.20
134.00 3362.80
135.00 3358.00
136.00 3384.20
137.00 3372.20
138.00 3373.20
139.00 3384.80
140.00 3369.80
141.00 3364.40
142.00 3376.20
143.00 3385.20
144.00 3398.40
145.00 3370.40
146.00 3372.80
147.00 3365.40
148.00 3365.00
149.00 3354.60
150.00 3343.20
151.00 3326.00
152.00 3330.00
153.00 3319.20
154.00 3329.80
155.00 3318.00
156.00 3321.40
157.00 3322.80
158.00 3325.80
159.00 3321.60
160.00 3306.20
161.00 3338.20
162.00 3313.20
163.00 3325.40
164.00 3309.60
165.00 3326.00
166.00 3331.00
167.00 3324.80
168.00 3321.20
169.00 3316.20
170.00 3331.60
171.00 3327.20
172.00 3332.40
173.00 3307.20
174.00 3293.80
175.00 3314.60
176.00 3307.00
177.00 3334.40
178.00 3327.20
179.00 3340.00
180.00 3337.60
181.00 3312.20
182.00 3314.00
183.00 3321.40
184.00 3332.40
185.00 3274.80
186.00 3301.00
187.00 3317.60
188.00 3298.00
189.00 3285.60
190.00 3296.00
191.00 3280.20
192.00 3265.00
193.00 3272.00
194.00 3257.60
195.00 3268.80
196.00 3279.80
197.00 3276.40
198.00 3270.80
199.00 3275.00
200.00 3257.80
201.00 3257.40
202.00 3270.00
203.00 3256.20
204.00 3250.60
205.00 3253.20
206.00 3243.20
207.00 3237.00
208.00 3258.00
209.00 3254.60
210.00 3262.80
211.00 3263.00
212.00 3263.00
213.00 3245.80
214.00 3241.60
215.00 3260.00
216.00 3233.60
217.00 3226.40
218.00 3215.80
219.00 3234.20
220.00 3237.20
221.00 3211.80
222.00 3207.00
223.00 3195.60
224.00 3198.00
225.00 3227.40
226.00 3219.80
227.00 3212.40
228.00 3222.20
229.00 3188.60
230.00 3216.00
231.00 3201.80
232.00 3198.20
233.00 3195.20
234.00 3191.40
235.00 3187.80
236.00 3189.40
237.00 3160.80
238.00 3154.40
239.00 3180.40
240.00 3174.00
241.00 3189.60
242.00 3168.80
243.00 3170.60
244.00 3172.60
245.00 3178.40
246.00 3167.80
247.00 3156.00
248.00 3181.00
249.00 3148.80
250.00 3164.60
251.00 3149.40
252.00 3142.20
253.00 3152.40
254.00 3156.00
255.00 3136.00
256.00 3119.20
257.00 3149.20
258.00 3143.20
259.00 3127.20
260.00 3146.00
261.00 3145.40
262.00 3136.40
263.00 3130.40
264.00 3145.20
265.00 3146.40
266.00 3125.80
267.00 3121.80
268.00 3134.80
269.00 3115.80
270.00 3106.80
271.00 3122.20
272.00 3122.20
273.00 3118.80
274.00 3110.00
275.00 3108.40
276.00 3096.60
277.00 3102.60
278.00 3108.40
279.00 3083.80
280.00 3082.00
281.00 3086.40
282.00 3085.60
283.00 3071.80
284.00 3066.80
285.00 3078.40
286.00 3079.20
287.00 3074.40
288.00 3070.60
289.00 3074.80
290.00 3086.60
291.00 3076.00
292.00 3057.40
293.00 3061.00
294.00 3055.20
295.00 3064.20
296.00 3063.40
297.00 3056.60
298.00 3035.80
299.00 3034.60
300.00 3037.00
301.00 3031.60
302.00 3033.00
303.00 3032.80
304.00 3058.40
305.00 3037.40
306.00 3041.60
307.00 3042.00
308.00 3020.00
309.00 3007.20
310.00 3006.60
311.00 3007.80
312.00 3015.40
313.00 3011.40
314.00 2995.20
315.00 2985.20
316.00 3009.20
317.00 3018.00
318.00 3000.00
319.00 2974.60
320.00 2973.20
321.00 2981.60
322.00 2955.40
323.00 2974.80
324.00 2971.00
325.00 2975.40
326.00 2963.40
327.00 2965.40
328.00 2954.80
329.00 2933.60
330.00 2924.20
331.00 2930.20
332.00 2915.00
333.00 2919.20
334.00 2929.20
335.00 2924.40
336.00 2942.80
337.00 2933.80
338.00 2938.00
339.00 2935.80
340.00 2929.40
341.00 2920.60
342.00 2941.00
343.00 2932.80
344.00 2935.60
345.00 2927.20
346.00 2911.00
347.00 2938.20
348.00 2910.80
349.00 2921.60
350.00 2904.20
351.00 2913.40
352.00 2903.40
353.00 2861.80
354.00 2886.40
355.00 2889.40
356.00 2901.20
357.00 2872.40
358.00 2884.60
359.00 2883.00
360.00 2899.40
361.00 2869.00
362.00 2877.20
363.00 2878.40
364.00 2908.60
365.00 2894.20
366.00 2891.80
367.00 2853.00
368.00 2851.00
369.00 2869.60
370.00 2859.60
371.00 2840.80
372.00 2849.00
373.00 2829.80
374.00 2836.60
375.00 2847.60
376.00 2825.40
377.00 2826.60
378.00 2849.80
379.00 2857.40
380.00 2832.00
381.00 2842.00
382.00 2828.20
383.00 2838.60
384.00 2806.40
385.00 2812.40
386.00 2817.40
387.00 2850.20
388.00 2812.40
389.00 2823.60
390.00 2820.40
391.00 2833.80
392.00 2830.00
393.00 2825.80
394.00 2830.00
395.00 2823.20
396.00 2825.60
397.00 2790.60
398.00 2788.60
399.00 2796.80
400.00 2778.20
401.00 2789.20
402.00 2793.40
403.00 2796.60
404.00 2790.20
405.00 2788.20
406.00 2772.40
407.00 2789.20
408.00 2782.00
409.00 2782.80
410.00 2772.20
411.00 2780.00
412.00 2763.60
413.00 2795.60
414.00 2781.80
415.00 2773.00
416.00 2757.80
417.00 2767.20
418.00 2768.40
419.00 2772.80
420.00 2787.00
421.00 2787.80
422.00 2762.60
423.00 2756.40
424.00 2767.20
425.00 2764.40
426.00 2755.60
427.00 2767.20
428.00 2754.40
429.00 2748.00
430.00 2754.00
431.00 2775.80
432.00 2763.40
433.00 2754.00
434.00 2739.00
435.00 2725.60
436.00 2733.40
437.00 2737.60
438.00 2742.80
439.00 2720.20
440.00 2733.80
441.00 2710.60
442.00 2709.60
443.00 2730.20
444.00 2725.40
445.00 2728.40
446.00 2722.20
447.00 2707.80
448.00 2680.20
449.00 2728.40
450.00 2699.20
451.00 2705.80
452.00 2699.80
453.00 2690.00
454.00 2714.20
455.00 2710.60
456.00 2690.40
457.00 2702.00
458.00 2710.80
459.00 2696.00
460.00 2693.80
461.00 2691.00
462.00 2680.80
463.00 2690.60
464.00 2688.80
465.00 2708.60
466.00 2691.60
467.00 2696.40
468.00 2700.80
469.00 2697.40
470.00 2693.00
471.00 2691.00
472.00 2702.00
473.00 2687.40
474.00 2686.40
475.00 2704.20
476.00 2688.60
477.00 2684.80
478.00 2684.20
479.00 2685.80
480.00 2679.60
481.00 2685.80
482.00 2676.40
483.00 2668.40
484.00 2669.80
485.00 2678.60
486.00 2674.00
487.00 2673.40
488.00 2648.00
489.00 2660.80
490.00 2661.40
491.00 2652.40
492.00 2634.00
493.00 2655.80
494.00 2627.40
495.00 2647.40
496.00 2617.20
497.00 2638.80
498.00 2643.20
499.00 2653.60
500.00 2631.20
501.00 2637.00
502.00 2645.40
503.00 2640.40
504.00 2648.80
505.00 2658.80
506.00 2651.20
507.00 2659.00
508.00 2633.80
509.00 2626.60
510.00 2642.40
511.00 2639.40
512.00 2636.80
513.00 2638.20
514.00 2622.40
515.00 2620.40
516.00 2615.60
517.00 2603.80
518.00 2613.80
519.00 2597.60
520.00 2594.40
521.00 2616.00
522.00 2613.80
523.00 2589.20
524.00 2592.40
525.00 2602.20
526.00 2610.40
527.00 2594.80
528.00 2583.60
529.00 2605.60
530.00 2593.40
531.00 2583.00
532.00 2602.00
533.00 2599.80
534.00 2583.40
535.00 2595.00
536.00 2583.40
537.00 2586.40
538.00 2582.40
539.00 2583.40
540.00 2590.60
541.00 2569.00
542.00 2584.20
543.00 2573.40
544.00 2584.20
545.00 2574.40
546.00 2573.40
547.00 2574.20
548.00 2597.40
549.00 2579.00
550.00 2581.20
551.00 2588.80
552.00 2589.20
553.00 2573.00
554.00 2593.20
555.00 2590.00
556.00 2580.80
557.00 2582.40
558.00 2575.60
559.00 2583.80
560.00 2592.20
561.00 2572.00
562.00 2566.80
563.00 2562.20
564.00 2559.80
565.00 2561.20
566.00 2572.60
567.00 2574.40
568.00 2571.40
569.00 2592.80
570.00 2573.20
571.00 2602.40
572.00 2611.20
573.00 2596.80
574.00 2581.60
575.00 2584.20
576.00 2590.20
577.00 2593.20
578.00 2578.80
579.00 2606.40
580.00 2600.20
581.00 2602.80
582.00 2617.20
583.00 2613.20
584.00 2626.60
585.00 2623.80
586.00 2628.60
587.00 2612.80
588.00 2615.80
589.00 2624.80
590.00 2647.20
591.00 2656.20
592.00 2640.60
593.00 2647.40
594.00 2653.80
595.00 2639.00
596.00 2649.40
597.00 2634.20
598.00 2642.40
599.00 2642.40
600.00 2635.80
601.00 2659.20
602.00 2658.60
603.00 2656.60
604.00 2662.00
605.00 2673.00
606.00 2684.20
607.00 2679.40
608.00 2676.80
609.00 2665.80
610.00 2643.20
611.00 2662.00
612.00 2652.00
613.00 2660.40
614.00 2657.20
615.00 2672.20
616.00 2657.00
617.00 2678.40
618.00 2669.80
619.00 2654.20
620.00 2700.80
621.00 2708.80
622.00 2699.80
623.00 2723.00
624.00 2712.20
625.00 2697.40
626.00 2695.00
627.00 2721.60
628.00 2712.00
629.00 2720.60
630.00 2732.00
631.00 2755.60
632.00 2737.60
633.00 2745.00
634.00 2753.00
635.00 2736.00
636.00 2733.60
637.00 2749.20
638.00 2748.00
639.00 2756.00
640.00 2755.80
641.00 2758.00
642.00 2751.60
643.00 2755.60
644.00 2752.00
645.00 2743.40
646.00 2756.60
647.00 2757.20
648.00 2737.00
649.00 2753.00
650.00 2749.40
651.00 2764.40
652.00 2750.80
653.00 2758.20
654.00 2762.40
655.00 2758.00
656.00 2745.00
657.00 2763.20
658.00 2782.40
659.00 2782.40
660.00 2804.80
661.00 2799.60
662.00 2810.80
663.00 2823.40
664.00 2817.40
665.00 2804.00
666.00 2814.80
667.00 2789.20
668.00 2794.00
669.00 2789.20
670.00 2778.60
671.00 2791.60
672.00 2788.40
673.00 2792.00
674.00 2797.00
675.00 2789.80
676.00 2815.80
677.00 2803.00
678.00 2811.20
679.00 2806.00
680.00 2812.00
681.00 2820.60
682.00 2806.00
683.00 2811.40
684.00 2808.00
685.00 2835.80
686.00 2826.80
687.00 2830.60
688.00 2812.20
689.00 2805.40
690.00 2832.60
691.00 2820.20
692.00 2804.20
693.00 2805.60
694.00 2794.60
695.00 2793.60
696.00 2801.40
697.00 2804.40
698.00 2807.60
699.00 2805.40
700.00 2802.60
701.00 2775.40
702.00 2771.60
703.00 2769.00
704.00 2772.60
705.00 2762.40
706.00 2761.00
707.00 2767.80
708.00 2759.20
709.00 2759.60
710.00 2747.20
711.00 2743.80
712.00 2765.00
713.00 2746.80
714.00 2738.40
715.00 2751.60
716.00 2760.00
717.00 2753.20
718.00 2759.00
719.00 2765.60
720.00 2757.20
721.00 2763.40
722.00 2771.60
723.00 2761.40
724.00 2765.00
725.00 2767.80
726.00 2782.00
727.00 2747.20
728.00 2774.00
729.00 2766.20
730.00 2794.40
731.00 2782.00
732.00 2790.20
733.00 2788.60
734.00 2822.20
735.00 2812.60
736.00 2803.60
737.00 2838.20
738.00 2832.80
739.00 2838.40
740.00 2865.60
741.00 2880.20
742.00 2888.20
743.00 2912.00
744.00 2908.60
745.00 2910.00
746.00 2930.20
747.00 2921.00
748.00 2945.00
749.00 2961.80
750.00 2984.00
751.00 3004.40
752.00 3017.20
753.00 3054.40
754.00 3060.40
755.00 3096.20
756.00 3123.40
757.00 3157.20
758.00 3198.00
759.00 3218.60
760.00 3250.20
761.00 3281.00
762.00 3299.00
763.00 3316.20
764.00 3338.00
765.00 3338.00
766.00 3368.20
767.00 3386.00
768.00 3407.20
769.00 3420.00
770.00 3435.40
771.00 3442.20
772.00 3444.60
773.00 3483.40
774.00 3494.80
775.00 3522.00
776.00 3525.00
777.00 3536.20
778.00 3532.60
779.00 3561.20
780.00 3563.40
781.00 3556.00
782.00 3597.20
783.00 3588.20
784.00 3594.20
785.00 3585.60
786.00 3594.60
787.00 3611.00
788.00 3609.00
789.00 3607.80
790.00 3583.40
791.00 3587.00
792.00 3615.40
793.00 3655.60
794.00 3666.80
795.00 3685.60
796.00 3677.20
797.00 3718.60
798.00 3701.40
799.00 3746.20
800.00 3752.40
801.00 3730.60
802.00 3734.20
803.00 3728.00
804.00 3774.60
805.00 3756.00
806.00 3759.60
807.00 3745.60
808.00 3792.00
809.00 3786.80
810.00 3807.40
811.00 3818.80
812.00 3796.20
813.00 3798.40
814.00 3797.60
815.00 3769.80
816.00 3804.20
817.00 3802.80
818.00 3789.20
819.00 3814.40
820.00 3813.80
821.00 3831.80
822.00 3830.00
823.00 3843.00
824.00 3839.60
825.00 3858.20
826.00 3890.60
827.00 3885.00
828.00 3875.20
829.00 3874.40
830.00 3883.80
831.00 3882.40
832.00 3900.20
833.00 3866.60
834.00 3866.40
835.00 3878.20
836.00 3892.40
837.00 3887.60
838.00 3900.80
839.00 3899.00
840.00 3928.40
841.00 3903.60
842.00 3922.20
843.00 3915.60
844.00 3928.00
845.00 3907.60
846.00 3931.20
847.00 3949.00
848.00 3931.20
849.00 3968.40
850.00 3986.40
851.00 3998.00
852.00 3971.40
853.00 3987.60
854.00 3986.80
855.00 3994.80
856.00 3981.40
857.00 3987.80
858.00 3998.80
859.00 3983.80
860.00 4010.00
861.00 3970.40
862.00 4015.20
863.00 4007.80
864.00 4027.60
865.00 4017.20
866.00 4039.80
867.00 4027.80
868.00 4013.80
869.00 3994.80
870.00 3989.40
871.00 4008.60
872.00 4040.60
873.00 4030.40
874.00 4065.20
875.00 4035.80
876.00 4056.00
877.00 4023.80
878.00 4044.40
879.00 4048.80
880.00 4069.60
881.00 4068.60
882.00 4103.20
883.00 4103.00
884.00 4086.20
885.00 4089.40
886.00 4093.20
887.00 4092.20
888.00 4105.60
889.00 4080.80
890.00 4079.60
891.00 4078.00
892.00 4065.20
893.00 4051.20
894.00 4048.40
895.00 4032.20
896.00 4064.00
897.00 4057.60
898.00 4085.40
899.00 4073.00
900.00 4079.60
901.00 4079.00
902.00 4066.80
903.00 4052.20
904.00 4076.40
905.00 4046.40
906.00 4047.60
907.00 4038.40
908.00 4062.80
909.00 4059.60
910.00 4070.60
911.00 4106.60
912.00 4091.40
913.00 4091.80
914.00 4146.20
915.00 4121.00
916.00 4120.00
917.00 4104.00
918.00 4146.40
919.00 4140.80
920.00 4186.20
921.00 4188.60
922.00 4207.40
923.00 4217.20
924.00 4246.80
925.00 4279.20
926.00 4275.00
927.00 4321.00
928.00 4319.80
929.00 4336.20
930.00 4360.60
931.00 4365.20
932.00 4377.20
933.00 4362.60
934.00 4365.60
935.00 4354.20
936.00 4346.00
937.00 4367.40
938.00 4356.40
939.00 4383.60
940.00 4356.00
941.00 4324.60
942.00 4365.80
943.00 4360.00
944.00 4382.80
945.00 4395.40
946.00 4381.40
947.00 4379.40
948.00 4350.60
949.00 4351.00
950.00 4379.60
951.00 4379.60
952.00 4410.00
953.00 4413.40
954.00 4433.40
955.00 4422.20
956.00 4474.40
957.00 4475.00
958.00 4497.80
959.00 4482.00
960.00 4509.40
961.00 4508.40
962.00 4528.00
963.00 4546.80
964.00 4521.40
965.00 4554.20
966.00 4551.40
967.00 4539.40
968.00 4572.20
969.00 4565.60
970.00 4609.60
971.00 4607.80
972.00 4639.20
973.00 4614.60
974.00 4638.40
975.00 4631.20
976.00 4653.40
977.00 4668.20
978.00 4724.40
979.00 4714.00
980.00 4762.40
981.00 4760.20
982.00 4802.20
983.00 4796.80
984.00 4833.60
985.00 4836.00
986.00 4851.40
987.00 4867.80
988.00 4892.40
989.00 4905.60
990.00 4920.60
991.00 4932.00
992.00 4931.00
993.00 4942.40
994.00 4962.20
995.00 4978.20
996.00 4986.00
997.00 4997.60
998.00 5014.80
999.00 5033.40
1000.00 5061.80
1001.00 5067.60
1002.00 5118.80
1003.00 5119.60
1004.00 5157.00
1005.00 5175.60
1006.00 5182.80
1007.00 5158.20
1008.00 5155.00
1009.00 5191.20
1010.00 5233.00
1011.00 5219.20
1012.00 5269.00
1013.00 5280.40
1014.00 5314.80
1015.00 5358.80
1016.00 5375.40
1017.00 5404.80
1018.00 5429.80
1019.00 5449.20
1020.00 5525.80
1021.00 5489.40
1022.00 5543.80
1023.00 5560.80
1024.00 5627.60
1025.00 5591.00
1026.00 5626.00
1027.00 5594.40
1028.00 5646.80
1029.00 5622.20
1030.00 5691.20
1031.00 5703.60
1032.00 5673.00
1033.00 5696.80
1034.00 5743.40
1035.00 5720.00
1036.00 5753.80
1037.00 5764.60
1038.00 5783.40
1039.00 5779.20
1040.00 5813.20
1041.00 5824.80
1042.00 5849.80
1043.00 5903.40
1044.00 5982.40
1045.00 5991.40
1046.00 6035.40
1047.00 6088.20
1048.00 6117.40
1049.00 6162.60
1050.00 6222.00
1051.00 6261.00
1052.00 6262.00
1053.00 6245.40
1054.00 6283.20
1055.00 6262.40
1056.00 6289.20
1057.00 6270.60
1058.00 6313.00
1059.00 6305.00
1060.00 6337.80
1061.00 6312.60
1062.00 6343.20
1063.00 6344.80
1064.00 6389.60
1065.00 6444.60
1066.00 6466.40
1067.00 6496.40
1068.00 6549.40
1069.00 6576.40
1070.00 6602.20
1071.00 6622.60
1072.00 6631.40
1073.00 6646.40
1074.00 6671.40
1075.00 6680.80
1076.00 6697.00
1077.00 6709.40
1078.00 6762.60
1079.00 6750.40
1080.00 6756.20
1081.00 6797.60
1082.00 6845.60
1083.00 6881.80
1084.00 6901.80
1085.00 6959.80
1086.00 7041.80
1087.00 7066.60
1088.00 7169.40
1089.00 7170.60
1090.00 7231.60
1091.00 7240.00
1092.00 7288.40
1093.00 7322.20
1094.00 7373.40
1095.00 7363.00
1096.00 7407.00
1097.00 7429.60
1098.00 7499.00
1099.00 7504.80
1100.00 7535.40
1101.00 7528.20
1102.00 7562.20
1103.00 7550.40
1104.00 7655.00
1105.00 7687.00
1106.00 7719.60
1107.00 7718.60
1108.00 7793.20
1109.00 7770.80
1110.00 7893.60
1111.00 7906.40
1112.00 7957.80
1113.00 8007.40
1114.00 8068.00
1115.00 8086.80
1116.00 8148.40
1117.00 8119.00
1118.00 8158.20
1119.00 8191.20
1120.00 8252.80
1121.00 8229.20
1122.00 8233.20
1123.00 8200.00
1124.00 8239.20
1125.00 8269.80
1126.00 8318.40
1127.00 8329.40
1128.00 8413.60
1129.00 8397.40
1130.00 8503.60
1131.00 8528.40
1132.00 8578.80
1133.00 8631.20
1134.00 8694.20
1135.00 8679.00
1136.00 8772.00
1137.00 8779.20
1138.00 8858.80
1139.00 8836.60
1140.00 8931.40
1141.00 8935.20
1142.00 8998.40
1143.00 9071.80
1144.00 9103.40
1145.00 9133.60
1146.00 9192.60
1147.00 9194.80
1148.00 9216.20
1149.00 9245.00
1150.00 9304.00
1151.00 9303.80
1152.00 9356.20
1153.00 9372.60
1154.00 9424.80
1155.00 9397.80
1156.00 9417.80
1157.00 9400.80
1158.00 9419.40
1159.00 9431.80
1160.00 9475.20
1161.00 9516.60
1162.00 9589.00
1163.00 9631.80
1164.00 9693.80
1165.00 9737.00
1166.00 9814.80
1167.00 9888.60
1168.00 9940.80
1169.00 9976.00
1170.00 9979.00
1171.00 10038.40
1172.00 10073.40
1173.00 10111.60
1174.00 10226.40
1175.00 10339.00
1176.00 10384.60
1177.00 10425.20
1178.00 10526.60
1179.00 10483.00
1180.00 10586.80
1181.00 10550.00
1182.00 10563.60
1183.00 10620.20
1184.00 10714.20
1185.00 10704.40
1186.00 10746.20
1187.00 10819.20
1188.00 10861.20
1189.00 10947.60
1190.00 10999.80
1191.00 11004.80
1192.00 11028.00
1193.00 11030.40
1194.00 11028.00
1195.00 11029.80
1196.00 11040.40
1197.00 11045.60
1198.00 11163.60
1199.00 11179.60
1200.00 11285.60
1201.00 11333.20
1202.00 11427.20
1203.00 11497.40
1204.00 11555.00
1205.00 11593.80
1206.00 11706.40
1207.00 11732.20
1208.00 11812.80
1209.00 11838.20
1210.00 11963.40
1211.00 12018.40
1212.00 12028.20
1213.00 12052.60
1214.00 12034.00
1215.00 12056.00
1216.00 12131.80
1217.00 12203.20
1218.00 12288.40
1219.00 12286.40
1220.00 12342.80
1221.00 12372.40
1222.00 12463.00
1223.00 12456.80
1224.00 12514.20
1225.00 12537.20
1226.00 12616.80
1227.00 12643.60
1228.00 12708.60
1229.00 12748.40
1230.00 12819.60
1231.00 12881.40
1232.00 12920.00
1233.00 12965.20
1234.00 13007.20
1235.00 13037.80
1236.00 13094.20
1237.00 13188.80
1238.00 13265.20
1239.00 13282.60
1240.00 13384.40
1241.00 13414.40
1242.00 13418.60
1243.00 13495.80
1244.00 13581.20
1245.00 13627.60
1246.00 13736.20
1247.00 13813.40
1248.00 13876.80
1249.00 13941.00
1250.00 13995.20
1251.00 14001.40
1252.00 14040.80
1253.00 14033.80
1254.00 14041.80
1255.00 14060.40
1256.00 14071.00
1257.00 14178.00
1258.00 14200.40
1259.00 14177.60
1260.00 14229.20
1261.00 14224.00
1262.00 14297.00
1263.00 14372.40
1264.00 14433.60
1265.00 14448.00
1266.00 14567.00
1267.00 14543.40
1268.00 14600.00
1269.00 14625.20
1270.00 14735.20
1271.00 14769.00
1272.00 14849.60
1273.00 14918.60
1274.00 14984.40
1275.00 15020.60
1276.00 15119.40
1277.00 15145.80
1278.00 15211.80
1279.00 15248.40
1280.00 15313.40
1281.00 15371.00
1282.00 15468.20
1283.00 15540.80
1284.00 15614.00
1285.00 15662.60
1286.00 15739.80
1287.00 15746.20
1288.00 15780.80
1289.00 15828.60
1290.00 15881.80
1291.00 15861.40
1292.00 15908.60
1293.00 15924.20
1294.00 15989.40
1295.00 16055.60
1296.00 16099.20
1297.00 16138.80
1298.00 16183.20
1299.00 16158.20
1300.00 16161.00
1301.00 16095.20
1302.00 16069.00
1303.00 16035.60
1304.00 16019.00
1305.00 15943.80
1306.00 15968.40
1307.00 15913.00
1308.00 15991.20
1309.00 16009.20
1310.00 16105.80
1311.00 16126.40
1312.00 16136.80
1313.00 16171.80
1314.00 16226.60
1315.00 16205.80
1316.00 16252.20
1317.00 16314.60
1318.00 16339.20
1319.00 16356.80
1320.00 16361.60
1321.00 16382.40
1322.00 16383.00
1323.00 16383.00
1324.00 16383.00
1325.00 16383.00
1326.00 16383.00
1327.00 16383.00
1328.00 16383.00
1329.00 16383.00
1330.00 16383.00
1331.00 16383.00
1332.00 16383.00
1333.00 16383.00
1334.00 16383.00
1335.00 16383.00
1336.00 16383.00
1337.00 16383.00
1338.00 16383.00
1339.00 16383.00
1340.00 16383.00
1341.00 16383.00
1342.00 16383.00
1343.00 16383.00
1344.00 16383.00
1345.00 16383.00
1346.00 16383.00
1347.00 16383.00
1348.00 16383.00
1349.00 16383.00
1350.00 16383.00
1351.00 16383.00
1352.00 16383.00
1353.00 16383.00
1354.00 16383.00
1355.00 16383.00
1356.00 16383.00
1357.00 16383.00
1358.00 16383.00
1359.00 16383.00
1360.00 16383.00
1361.00 16383.00
1362.00 16383.00
1363.00 16383.00
1364.00 16383.00
1365.00 16383.00
1366.00 16383.00
1367.00 16383.00
1368.00 16383.00
1369.00 16383.00
1370.00 16383.00
1371.00 16383.00
1372.00 16383.00
1373.00 16383.00
1374.00 16383.00
1375.00 16383.00
1376.00 16383.00
1377.00 16383.00
1378.00 16383.00
1379.00 16383.00
1380.00 16383.00
1381.00 16383.00
1382.00 16383.00
1383.00 16383.00
1384.00 16383.00
1385.00 16383.00
1386.00 16383.00
1387.00 16383.00
1388.00 16383.00
1389.00 16383.00
1390.00 16383.00
1391.00 16383.00
1392.00 16383.00
1393.00 16383.00
1394.00 16383.00
1395.00 16383.00
1396.00 16383.00
1397.00 16383.00
1398.00 16383.00
1399.00 16383.00
1400.00 16383.00
1401.00 16383.00
1402.00 16383.00
1403.00 16383.00
1404.00 16383.00
1405.00 16383.00
1406.00 16383.00
1407.00 16383.00
1408.00 16383.00
1409.00 16383.00
1410.00 16383.00
1411.00 16383.00
1412.00 16383.00
1413.00 16383.00
1414.00 16383.00
1415.00 16383.00
1416.00 16383.00
1417.00 16383.00
1418.00 16383.00
1419.00 16383.00
1420.00 16383.00
1421.00 16383.00
1422.00 16383.00
1423.00 16383.00
1424.00 16383.00
1425.00 16383.00
1426.00 16383.00
1427.00 16383.00
1428.00 16383.00
1429.00 16383.00
1430.00 16383.00
1431.00 16383.00
1432.00 16383.00
1433.00 16383.00
1434.00 16383.00
1435.00 16383.00
1436.00 16383.00
1437.00 16383.00
1438.00 16383.00
1439.00 16383.00
1440.00 16383.00
1441.00 16383.00
1442.00 16383.00
1443.00 16383.00
1444.00 16383.00
1445.00 16383.00
1446.00 16383.00
1447.00 16383.00
1448.00 16383.00
1449.00 16383.00
1450.00 16383.00
1451.00 16383.00
1452.00 16383.00
1453.00 16383.00
1454.00 16383.00
1455.00 16383.00
1456.00 16383.00
1457.00 16383.00
1458.00 16383.00
1459.00 16383.00
1460.00 16383.00
1461.00 16383.00
1462.00 16383.00
1463.00 16383.00
1464.00 16383.00
1465.00 16383.00
1466.00 16383.00
1467.00 16383.00
1468.00 16383.00
1469.00 16383.00
1470.00 16383.00
1471.00 16383.00
1472.00 16383.00
1473.00 16383.00
1474.00 16383.00
1475.00 16383.00
1476.00 16383.00
1477.00 16383.00
1478.00 16383.00
1479.00 16383.00
1480.00 16383.00
1481.00 16383.00
1482.00 16383.00
1483.00 16383.00
1484.00 16383.00
1485.00 16383.00
1486.00 16383.00
1487.00 16383.00
1488.00 16383.00
1489.00 16383.00
1490.00 16383.00
1491.00 16383.00
1492.00 16383.00
1493.00 16383.00
1494.00 16383.00
1495.00 16383.00
1496.00 16383.00
1497.00 16383.00
1498.00 16383.00
1499.00 16383.00
1500.00 16383.00
1501.00 16383.00
1502.00 16383.00
1503.00 16383.00
1504.00 16383.00
1505.00 16383.00
1506.00 16383.00
1507.00 16383.00
1508.00 16383.00
1509.00 16383.00
1510.00 16383.00
1511.00 16383.00
1512.00 16383.00
1513.00 16383.00
1514.00 16383.00
1515.00 16383.00
1516.00 16383.00
1517.00 16383.00
1518.00 16383.00
1519.00 16383.00
1520.00 16383.00
1521.00 16383.00
1522.00 16383.00
1523.00 16383.00
1524.00 16383.00
1525.00 16383.00
1526.00 16383.00
1527.00 16383.00
1528.00 16383.00
1529.00 16383.00
1530.00 16383.00
1531.00 16383.00
1532.00 16383.00
1533.00 16383.00
1534.00 16383.00
1535.00 16383.00
1536.00 16383.00
1537.00 16383.00
1538.00 16383.00
1539.00 16383.00
1540.00 16383.00
1541.00 16383.00
1542.00 16383.00
1543.00 16383.00
1544.00 16383.00
1545.00 16383.00
1546.00 16383.00
1547.00 16383.00
1548.00 16383.00
1549.00 16383.00
1550.00 16383.00
1551.00 16383.00
1552.00 16383.00
1553.00 16383.00
1554.00 16383.00
1555.00 16383.00
1556.00 16383.00
1557.00 16383.00
1558.00 16383.00
1559.00 16383.00
1560.00 16383.00
1561.00 16383.00
1562.00 16383.00
1563.00 16383.00
1564.00 16383.00
1565.00 16383.00
1566.00 16383.00
1567.00 16383.00
1568.00 16383.00
1569.00 16383.00
1570.00 16383.00
1571.00 16383.00
1572.00 16383.00
1573.00 16383.00
1574.00 16383.00
1575.00 16383.00
1576.00 16383.00
1577.00 16383.00
1578.00 16383.00
1579.00 16383.00
1580.00 16383.00
1581.00 16383.00
1582.00 16383.00
1583.00 16383.00
1584.00 16383.00
1585.00 16383.00
1586.00 16383.00
1587.00 16383.00
1588.00 16383.00
1589.00 16383.00
1590.00 16383.00
1591.00 16383.00
1592.00 16383.00
1593.00 16383.00
1594.00 16383.00
1595.00 16383.00
1596.00 16383.00
1597.00 16383.00
1598.00 16383.00
1599.00 16383.00
1600.00 16383.00
1601.00 16383.00
1602.00 16383.00
1603.00 16383.00
1604.00 16383.00
1605.00 16383.00
1606.00 16383.00
1607.00 16383.00
1608.00 16383.00
1609.00 16383.00
1610.00 16383.00
1611.00 16383.00
1612.00 16383.00
1613.00 16383.00
1614.00 16383.00
1615.00 16383.00
1616.00 16383.00
1617.00 16383.00
1618.00 16383.00
1619.00 16383.00
1620.00 16383.00
1621.00 16383.00
1622.00 16383.00
1623.00 16383.00
1624.00 16383.00
1625.00 16383.00
1626.00 16383.00
1627.00 16383.00
1628.00 16383.00
1629.00 16383.00
1630.00 16383.00
1631.00 16383.00
1632.00 16383.00
1633.00 16383.00
1634.00 16383.00
1635.00 16383.00
1636.00 16383.00
1637.00 16383.00
1638.00 16383.00
1639.00 16383.00
1640.00 16383.00
1641.00 16383.00
1642.00 16383.00
1643.00 16383.00
1644.00 16383.00
1645.00 16383.00
1646.00 16383.00
1647.00 16383.00
1648.00 16383.00
1649.00 16383.00
1650.00 16383.00
1651.00 16383.00
1652.00 16383.00
1653.00 16383.00
1654.00 16383.00
1655.00 16383.00
1656.00 16383.00
1657.00 16383.00
1658.00 16383.00
1659.00 16383.00
1660.00 16383.00
1661.00 16383.00
1662.00 16383.00
1663.00 16383.00
1664.00 16383.00
1665.00 16383.00
1666.00 16383.00
1667.00 16383.00
1668.00 16383.00
1669.00 16383.00
1670.00 16383.00
1671.00 16383.00
1672.00 16383.00
1673.00 16383.00
1674.00 16383.00
1675.00 16383.00
1676.00 16383.00
1677.00 16383.00
1678.00 16383.00
1679.00 16383.00
1680.00 16383.00
1681.00 16383.00
1682.00 16383.00
1683.00 16383.00
1684.00 16383.00
1685.00 16383.00
1686.00 16383.00
1687.00 16383.00
1688.00 16383.00
1689.00 16383.00
1690.00 16383.00
1691.00 16383.00
1692.00 16383.00
1693.00 16383.00
1694.00 16383.00
1695.00 16383.00
1696.00 16383.00
1697.00 16383.00
1698.00 16383.00
1699.00 16383.00
1700.00 16383.00
1701.00 16383.00
1702.00 16383.00
1703.00 16383.00
1704.00 16383.00
1705.00 16383.00
1706.00 16383.00
1707.00 16383.00
1708.00 16383.00
1709.00 16383.00
1710.00 16383.00
1711.00 16383.00
1712.00 16383.00
1713.00 16383.00
1714.00 16383.00
1715.00 16383.00
1716.00 16383.00
1717.00 16383.00
1718.00 16383.00
1719.00 16383.00
1720.00 16383.00
1721.00 16383.00
1722.00 16383.00
1723.00 16383.00
1724.00 16383.00
1725.00 16383.00
1726.00 16383.00
1727.00 16383.00
1728.00 16383.00
1729.00 16383.00
1730.00 16383.00
1731.00 16383.00
1732.00 16383.00
1733.00 16383.00
1734.00 16383.00
1735.00 16383.00
1736.00 16383.00
1737.00 16383.00
1738.00 16383.00
1739.00 16383.00
1740.00 16383.00
1741.00 16383.00
1742.00 16383.00
1743.00 16383.00
1744.00 16383.00
1745.00 16383.00
1746.00 16383.00
1747.00 16383.00
1748.00 16383.00
1749.00 16383.00
1750.00 16383.00
1751.00 16383.00
1752.00 16383.00
1753.00 16383.00
1754.00 16383.00
1755.00 16383.00
1756.00 16383.00
1757.00 16383.00
1758.00 16383.00
1759.00 16383.00
1760.00 16383.00
1761.00 16383.00
1762.00 16383.00
1763.00 16383.00
1764.00 16383.00
1765.00 16383.00
1766.00 16383.00
1767.00 16383.00
1768.00 16383.00
1769.00 16383.00
1770.00 16383.00
1771.00 16383.00
1772.00 16383.00
1773.00 16383.00
1774.00 16383.00
1775.00 16383.00
1776.00 16383.00
1777.00 16383.00
1778.00 16383.00
1779.00 16383.00
1780.00 16383.00
1781.00 16383.00
1782.00 16383.00
1783.00 16383.00
1784.00 16383.00
1785.00 16383.00
1786.00 16383.00
1787.00 16383.00
1788.00 16383.00
1789.00 16383.00
1790.00 16383.00
1791.00 16383.00
1792.00 16383.00
1793.00 16383.00
1794.00 16383.00
1795.00 16383.00
1796.00 16383.00
1797.00 16383.00
1798.00 16383.00
1799.00 16383.00
1800.00 16383.00
1801.00 16383.00
1802.00 16383.00
1803.00 16383.00
1804.00 16383.00
1805.00 16383.00
1806.00 16383.00
1807.00 16383.00
1808.00 16383.00
1809.00 16383.00
1810.00 16383.00
1811.00 16383.00
1812.00 16383.00
1813.00 16383.00
1814.00 16383.00
1815.00 16383.00
1816.00 16383.00
1817.00 16383.00
1818.00 16383.00
1819.00 16383.00
1820.00 16383.00
1821.00 16383.00
1822.00 16383.00
1823.00 16383.00
1824.00 16383.00
1825.00 16383.00
1826.00 16383.00
1827.00 16383.00
1828.00 16383.00
1829.00 16383.00
1830.00 16383.00
1831.00 16383.00
1832.00 16383.00
1833.00 16383.00
1834.00 16383.00
1835.00 16383.00
1836.00 16383.00
1837.00 16383.00
1838.00 16383.00
1839.00 16383.00
1840.00 16383.00
1841.00 16383.00
1842.00 16383.00
1843.00 16383.00
1844.00 16383.00
1845.00 16383.00
1846.00 16383.00
1847.00 16383.00
1848.00 16383.00
1849.00 16383.00
1850.00 16383.00
1851.00 16383.00
1852.00 16383.00
1853.00 16383.00
1854.00 16383.00
1855.00 16383.00
1856.00 16383.00
1857.00 16383.00
1858.00 16383.00
1859.00 16383.00
1860.00 16383.00
1861.00 16383.00
1862.00 16383.00
1863.00 16383.00
1864.00 16383.00
1865.00 16383.00
1866.00 16383.00
1867.00 16383.00
1868.00 16383.00
1869.00 16383.00
1870.00 16383.00
1871.00 16383.00
1872.00 16383.00
1873.00 16383.00
1874.00 16383.00
1875.00 16383.00
1876.00 16383.00
1877.00 16383.00
1878.00 16383.00
1879.00 16383.00
1880.00 16383.00
1881.00 16383.00
1882.00 16383.00
1883.00 16383.00
1884.00 16383.00
1885.00 16383.00
1886.00 16383.00
1887.00 16383.00
1888.00 16383.00
1889.00 16383.00
1890.00 16383.00
1891.00 16383.00
1892.00 16383.00
1893.00 16383.00
1894.00 16383.00
1895.00 16383.00
1896.00 16383.00
1897.00 16383.00
1898.00 16383.00
1899.00 16383.00
1900.00 16383.00
1901.00 16383.00
1902.00 16383.00
1903.00 16383.00
1904.00 16383.00
1905.00 16383.00
1906.00 16383.00
1907.00 16383.00
1908.00 16383.00
1909.00 16383.00
1910.00 16383.00
1911.00 16383.00
1912.00 16383.00
1913.00 16383.00
1914.00 16383.00
1915.00 16383.00
1916.00 16383.00
1917.00 16383.00
1918.00 16383.00
1919.00 16383.00
1920.00 16383.00
1921.00 16383.00
1922.00 16383.00
1923.00 16383.00
1924.00 16383.00
1925.00 16383.00
1926.00 16383.00
1927.00 16383.00
1928.00 16383.00
1929.00 16383.00
1930.00 16383.00
1931.00 16383.00
1932.00 16383.00
1933.00 16383.00
1934.00 16383.00
1935.00 16383.00
1936.00 16383.00
1937.00 16383.00
1938.00 16383.00
1939.00 16383.00
1940.00 16383.00
1941.00 16383.00
1942.00 16383.00
1943.00 16383.00
1944.00 16383.00
1945.00 16383.00
1946.00 16383.00
1947.00 16383.00
1948.00 16383.00
1949.00 16383.00
1950.00 16383.00
1951.00 16383.00
1952.00 16383.00
1953.00 16383.00
1954.00 16383.00
1955.00 16383.00
1956.00 16383.00
1957.00 16383.00
1958.00 16383.00
1959.00 16383.00
1960.00 16383.00
1961.00 16383.00
1962.00 16383.00
1963.00 16383.00
1964.00 16383.00
1965.00 16383.00
1966.00 16383.00
1967.00 16383.00
1968.00 16383.00
1969.00 16383.00
1970.00 16383.00
1971.00 16383.00
1972.00 16383.00
1973.00 16383.00
1974.00 16383.00
1975.00 16383.00
1976.00 16383.00
1977.00 16383.00
1978.00 16383.00
1979.00 16383.00
1980.00 16383.00
1981.00 16383.00
1982.00 16383.00
1983.00 16383.00
1984.00 16383.00
1985.00 16383.00
1986.00 16383.00
1987.00 16383.00
1988.00 16383.00
1989.00 16383.00
1990.00 16383.00
1991.00 16383.00
1992.00 16383.00
1993.00 16383.00
1994.00 16383.00
1995.00 16383.00
1996.00 16383.00
1997.00 16383.00
1998.00 16383.00
1999.00 16383.00
2000.00 16383.00
2001.00 16383.00
2002.00 16383.00
2003.00 16383.00
2004.00 16383.00
2005.00 16383.00
2006.00 16383.00
2007.00 16383.00
2008.00 16383.00
2009.00 16383.00
2010.00 16383.00
2011.00 16383.00
2012.00 16383.00
2013.00 16383.00
2014.00 16383.00
2015.00 16383.00
2016.00 16383.00
2017.00 16383.00
2018.00 16383.00
2019.00 16383.00
2020.00 16383.00
2021.00 16383.00
2022.00 16383.00
2023.00 16383.00
2024.00 16383.00
2025.00 16383.00
2026.00 16383.00
2027.00 16383.00
2028.00 16383.00
2029.00 16383.00
2030.00 16383.00
2031.00 16383.00
2032.00 16383.00
2033.00 16383.00
2034.00 16383.00
2035.00 16383.00
2036.00 16383.00
2037.00 16383.00
2038.00 16383.00
2039.00 16383.00
2040.00 16383.00
2041.00 16383.00
2042.00 16383.00
2043.00 16383.00
2044.00 16383.00
2045.00 16383.00
2046.00 16383.00
2047.00 16383.00
2048.00 16383.00
2049.00 16383.00
2050.00 16383.00
2051.00 16383.00
2052.00 16383.00
2053.00 16383.00
2054.00 16383.00
2055.00 16383.00
2056.00 16383.00
2057.00 16383.00
2058.00 16383.00
2059.00 16383.00
2060.00 16383.00
2061.00 16383.00
2062.00 16383.00
2063.00 16383.00
2064.00 16383.00
2065.00 16383.00
2066.00 16383.00
2067.00 16383.00
2068.00 16383.00
2069.00 16383.00
2070.00 16383.00
2071.00 16383.00
2072.00 16383.00
2073.00 16383.00
2074.00 16383.00
2075.00 16383.00
2076.00 16383.00
2077.00 16383.00
2078.00 16383.00
2079.00 16383.00
2080.00 16383.00
2081.00 16383.00
2082.00 16383.00
2083.00 16383.00
2084.00 16383.00
2085.00 16383.00
2086.00 16383.00
2087.00 16383.00
2088.00 16383.00
2089.00 16383.00
2090.00 16383.00
2091.00 16383.00
2092.00 16383.00
2093.00 16383.00
2094.00 16383.00
2095.00 16383.00
2096.00 16383.00
2097.00 16383.00
2098.00 16383.00
2099.00 16383.00
2100.00 16383.00
2101.00 16383.00
2102.00 16383.00
2103.00 16383.00
2104.00 16383.00
2105.00 16383.00
2106.00 16383.00
2107.00 16383.00
2108.00 16383.00
2109.00 16383.00
2110.00 16383.00
2111.00 16383.00
2112.00 16383.00
2113.00 16383.00
2114.00 16383.00
2115.00 16383.00
2116.00 16383.00
2117.00 16383.00
2118.00 16383.00
2119.00 16383.00
2120.00 16383.00
2121.00 16383.00
2122.00 16383.00
2123.00 16383.00
2124.00 16383.00
2125.00 16383.00
2126.00 16383.00
2127.00 16383.00
2128.00 16383.00
2129.00 16383.00
2130.00 16383.00
2131.00 16383.00
2132.00 16383.00
2133.00 16383.00
2134.00 16383.00
2135.00 16383.00
2136.00 16383.00
2137.00 16383.00
2138.00 16383.00
2139.00 16383.00
2140.00 16383.00
2141.00 16383.00
2142.00 16383.00
2143.00 16383.00
2144.00 16383.00
2145.00 16383.00
2146.00 16383.00
2147.00 16383.00
2148.00 16383.00
2149.00 16383.00
2150.00 16383.00
2151.00 16383.00
2152.00 16383.00
2153.00 16383.00
2154.00 16383.00
2155.00 16383.00
2156.00 16383.00
2157.00 16383.00
2158.00 16383.00
2159.00 16383.00
2160.00 16383.00
2161.00 16383.00
2162.00 16383.00
2163.00 16383.00
2164.00 16383.00
2165.00 16383.00
2166.00 16383.00
2167.00 16383.00
2168.00 16383.00
2169.00 16383.00
2170.00 16383.00
2171.00 16383.00
2172.00 16383.00
2173.00 16383.00
2174.00 16383.00
2175.00 16383.00
2176.00 16383.00
2177.00 16383.00
2178.00 16383.00
2179.00 16383.00
2180.00 16383.00
2181.00 16383.00
2182.00 16383.00
2183.00 16383.00
2184.00 16383.00
2185.00 16383.00
2186.00 16383.00
2187.00 16383.00
2188.00 16383.00
2189.00 16383.00
2190.00 16383.00
2191.00 16383.00
2192.00 16383.00
2193.00 16383.00
2194.00 16383.00
2195.00 16383.00
2196.00 16383.00
2197.00 16383.00
2198.00 16383.00
2199.00 16383.00
2200.00 16383.00
2201.00 16383.00
2202.00 16383.00
2203.00 16383.00
2204.00 16383.00
2205.00 16383.00
2206.00 16383.00
2207.00 16383.00
2208.00 16383.00
2209.00 16383.00
2210.00 16383.00
2211.00 16383.00
2212.00 16383.00
2213.00 16383.00
2214.00 16383.00
2215.00 16383.00
2216.00 16383.00
2217.00 16383.00
2218.00 16383.00
2219.00 16383.00
2220.00 16383.00
2221.00 16383.00
2222.00 16383.00
2223.00 16383.00
2224.00 16383.00
2225.00 16383.00
2226.00 16383.00
2227.00 16383.00
2228.00 16383.00
2229.00 16383.00
2230.00 16383.00
2231.00 16383.00
2232.00 16383.00
2233.00 16383.00
2234.00 16383.00
2235.00 16383.00
2236.00 16383.00
2237.00 16383.00
2238.00 16383.00
2239.00 16383.00
2240.00 16383.00
2241.00 16383.00
2242.00 16383.00
2243.00 16383.00
2244.00 16383.00
2245.00 16383.00
2246.00 16383.00
2247.00 16383.00
2248.00 16383.00
2249.00 16383.00
2250.00 16383.00
2251.00 16383.00
2252.00 16383.00
2253.00 16383.00
2254.00 16383.00
2255.00 16383.00
2256.00 16383.00
2257.00 16383.00
2258.00 16383.00
2259.00 16383.00
2260.00 16383.00
2261.00 16383.00
2262.00 16383.00
2263.00 16383.00
2264.00 16383.00
2265.00 16383.00
2266.00 16383.00
2267.00 16383.00
2268.00 16383.00
2269.00 16383.00
2270.00 16383.00
2271.00 16383.00
2272.00 16383.00
2273.00 16383.00
2274.00 16383.00
2275.00 16383.00
2276.00 16383.00
2277.00 16383.00
2278.00 16383.00
2279.00 16383.00
2280.00 16383.00
2281.00 16383.00
2282.00 16383.00
2283.00 16383.00
2284.00 16383.00
2285.00 16383.00
2286.00 16383.00
2287.00 16383.00
2288.00 16383.00
2289.00 16383.00
2290.00 16383.00
2291.00 16383.00
2292.00 16383.00
2293.00 16383.00
2294.00 16383.00
2295.00 16383.00
2296.00 16383.00
2297.00 16383.00
2298.00 16383.00
2299.00 16383.00
2300.00 16383.00
2301.00 16383.00
2302.00 16383.00
2303.00 16383.00
2304.00 16383.00
2305.00 16383.00
2306.00 16383.00
2307.00 16383.00
2308.00 16383.00
2309.00 16383.00
2310.00 16383.00
2311.00 16383.00
2312.00 16383.00
2313.00 16383.00
2314.00 16383.00
2315.00 16383.00
2316.00 16383.00
2317.00 16383.00
2318.00 16383.00
2319.00 16383.00
2320.00 16383.00
2321.00 16383.00
2322.00 16383.00
2323.00 16383.00
2324.00 16383.00
2325.00 16383.00
2326.00 16383.00
2327.00 16383.00
2328.00 16383.00
2329.00 16383.00
2330.00 16383.00
2331.00 16383.00
2332.00 16383.00
2333.00 16383.00
2334.00 16383.00
2335.00 16383.00
2336.00 16383.00
2337.00 16383.00
2338.00 16383.00
2339.00 16383.00
2340.00 16383.00
2341.00 16383.00
2342.00 16383.00
2343.00 16383.00
2344.00 16383.00
2345.00 16383.00
2346.00 16383.00
2347.00 16383.00
2348.00 16383.00
2349.00 16383.00
2350.00 16383.00
2351.00 16383.00
2352.00 16383.00
2353.00 16383.00
2354.00 16383.00
2355.00 16383.00
2356.00 16383.00
2357.00 16383.00
2358.00 16383.00
2359.00 16383.00
2360.00 16383.00
2361.00 16383.00
2362.00 16383.00
2363.00 16383.00
2364.00 16383.00
2365.00 16383.00
2366.00 16383.00
2367.00 16383.00
2368.00 16383.00
2369.00 16383.00
2370.00 16383.00
2371.00 16383.00
2372.00 16383.00
2373.00 16383.00
2374.00 16383.00
2375.00 16383.00
2376.00 16383.00
2377.00 16383.00
2378.00 16383.00
2379.00 16383.00
2380.00 16383.00
2381.00 16383.00
2382.00 16383.00
2383.00 16383.00
2384.00 16383.00
2385.00 16383.00
2386.00 16383.00
2387.00 16383.00
2388.00 16383.00
2389.00 16383.00
2390.00 16383.00
2391.00 16383.00
2392.00 16383.00
2393.00 16383.00
2394.00 16383.00
2395.00 16383.00
2396.00 16383.00
2397.00 16383.00
2398.00 16383.00
2399.00 16383.00
2400.00 16383.00
2401.00 16383.00
2402.00 16383.00
2403.00 16383.00
2404.00 16383.00
2405.00 16383.00
2406.00 16383.00
2407.00 16383.00
2408.00 16383.00
2409.00 16383.00
2410.00 16383.00
2411.00 16383.00
2412.00 16383.00
2413.00 16383.00
2414.00 16383.00
2415.00 16383.00
2416.00 16383.00
2417.00 16383.00
2418.00 16383.00
2419.00 16383.00
2420.00 16383.00
2421.00 16383.00
2422.00 16383.00
2423.00 16383.00
2424.00 16383.00
2425.00 16383.00
2426.00 16383.00
2427.00 16383.00
2428.00 16383.00
2429.00 16383.00
2430.00 16383.00
2431.00 16383.00
2432.00 16383.00
2433.00 16383.00
2434.00 16383.00
2435.00 16383.00
2436.00 16383.00
2437.00 16383.00
2438.00 16383.00
2439.00 16383.00
2440.00 16383.00
2441.00 16383.00
2442.00 16383.00
2443.00 16383.00
2444.00 16383.00
2445.00 16383.00
2446.00 16383.00
2447.00 16383.00
2448.00 16383.00
2449.00 16383.00
2450.00 16383.00
2451.00 16383.00
2452.00 16383.00
2453.00 16383.00
2454.00 16383.00
2455.00 16383.00
2456.00 16383.00
2457.00 16383.00
2458.00 16383.00
2459.00 16383.00
2460.00 16383.00
2461.00 16383.00
2462.00 16383.00
2463.00 16383.00
2464.00 16383.00
2465.00 16383.00
2466.00 16383.00
2467.00 16383.00
2468.00 16383.00
2469.00 16383.00
2470.00 16383.00
2471.00 16383.00
2472.00 16383.00
2473.00 16383.00
2474.00 16383.00
2475.00 16383.00
2476.00 16383.00
2477.00 16383.00
2478.00 16383.00
2479.00 16383.00
2480.00 16383.00
2481.00 16383.00
2482.00 16383.00
2483.00 16383.00
2484.00 16383.00
2485.00 16383.00
2486.00 16383.00
2487.00 16383.00
2488.00 16383.00
2489.00 16383.00
2490.00 16383.00
2491.00 16383.00
2492.00 16383.00
2493.00 16383.00
2494.00 16383.00
2495.00 16383.00
2496.00 16383.00
2497.00 16383.00
2498.00 16383.00
2499.00 16383.00
2500.00 16383.00
2501.00 16383.00
2502.00 16383.00
2503.00 16383.00
2504.00 16383.00
2505.00 16383.00
2506.00 16383.00
2507.00 16383.00
2508.00 16383.00
2509.00 16383.00
2510.00 16383.00
2511.00 16383.00
2512.00 16383.00
2513.00 16383.00
2514.00 16383.00
2515.00 16383.00
2516.00 16383.00
2517.00 16383.00
2518.00 16383.00
2519.00 16383.00
2520.00 16383.00
2521.00 16383.00
2522.00 16383.00
2523.00 16383.00
2524.00 16383.00
2525.00 16383.00
2526.00 16383.00
2527.00 16383.00
2528.00 16383.00
2529.00 16383.00
2530.00 16383.00
2531.00 16383.00
2532.00 16383.00
2533.00 16383.00
2534.00 16383.00
2535.00 16383.00
2536.00 16383.00
2537.00 16383.00
2538.00 16383.00
2539.00 16383.00
2540.00 16383.00
2541.00 16383.00
2542.00 16383.00
2543.00 16383.00
2544.00 16383.00
2545.00 16383.00
2546.00 16383.00
2547.00 16383.00
2548.00 16383.00
2549.00 16383.00
2550.00 16383.00
2551.00 16383.00
2552.00 16383.00
2553.00 16383.00
2554.00 16383.00
2555.00 16383.00
2556.00 16383.00
2557.00 16383.00
2558.00 16383.00
2559.00 16383.00
2560.00 16383.00
2561.00 16383.00
2562.00 16383.00
2563.00 16383.00
2564.00 16383.00
2565.00 16383.00
2566.00 16383.00
2567.00 16383.00
2568.00 16383.00
2569.00 16383.00
2570.00 16383.00
2571.00 16383.00
2572.00 16383.00
2573.00 16383.00
2574.00 16383.00
2575.00 16383.00
2576.00 16383.00
2577.00 16383.00
2578.00 16383.00
2579.00 16383.00
2580.00 16383.00
2581.00 16383.00
2582.00 16383.00
2583.00 16383.00
2584.00 16383.00
2585.00 16383.00
2586.00 16383.00
2587.00 16383.00
2588.00 16383.00
2589.00 16383.00
2590.00 16383.00
2591.00 16383.00
2592.00 16383.00
2593.00 16383.00
2594.00 16383.00
2595.00 16383.00
2596.00 16383.00
2597.00 16383.00
2598.00 16383.00
2599.00 16383.00
2600.00 16383.00
2601.00 16383.00
2602.00 16383.00
2603.00 16383.00
2604.00 16383.00
2605.00 16383.00
2606.00 16383.00
2607.00 16383.00
2608.00 16383.00
2609.00 16383.00
2610.00 16383.00
2611.00 16383.00
2612.00 16383.00
2613.00 16383.00
2614.00 16383.00
2615.00 16383.00
2616.00 16383.00
2617.00 16383.00
2618.00 16383.00
2619.00 16383.00
2620.00 16383.00
2621.00 16383.00
2622.00 16383.00
2623.00 16383.00
2624.00 16383.00
2625.00 16383.00
2626.00 16383.00
2627.00 16383.00
2628.00 16383.00
2629.00 16383.00
2630.00 16383.00
2631.00 16383.00
2632.00 16383.00
2633.00 16383.00
2634.00 16383.00
2635.00 16383.00
2636.00 16383.00
2637.00 16383.00
2638.00 16383.00
2639.00 16383.00
2640.00 16383.00
2641.00 16383.00
2642.00 16383.00
2643.00 16383.00
2644.00 16383.00
2645.00 16383.00
2646.00 16383.00
2647.00 16383.00
2648.00 16383.00
2649.00 16383.00
2650.00 16383.00
2651.00 16383.00
2652.00 16383.00
2653.00 16383.00
2654.00 16383.00
2655.00 16383.00
2656.00 16383.00
2657.00 16383.00
2658.00 16383.00
2659.00 16383.00
2660.00 16383.00
2661.00 16383.00
2662.00 16383.00
2663.00 16383.00
2664.00 16383.00
2665.00 16383.00
2666.00 16383.00
2667.00 16383.00
2668.00 16383.00
2669.00 16383.00
2670.00 16383.00
2671.00 16383.00
2672.00 16383.00
2673.00 16383.00
2674.00 16383.00
2675.00 16383.00
2676.00 16383.00
2677.00 16383.00
2678.00 16383.00
2679.00 16383.00
2680.00 16383.00
2681.00 16383.00
2682.00 16383.00
2683.00 16383.00
2684.00 16383.00
2685.00 16383.00
2686.00 16383.00
2687.00 16383.00
2688.00 16383.00
2689.00 16383.00
2690.00 16383.00
2691.00 16383.00
2692.00 16383.00
2693.00 16383.00
2694.00 16383.00
2695.00 16383.00
2696.00 16383.00
2697.00 16383.00
2698.00 16383.00
2699.00 16383.00
2700.00 16383.00
2701.00 16383.00
2702.00 16383.00
2703.00 16383.00
2704.00 16383.00
2705.00 16383.00
2706.00 16383.00
2707.00 16383.00
2708.00 16383.00
2709.00 16383.00
2710.00 16383.00
2711.00 16383.00
2712.00 16383.00
2713.00 16383.00
2714.00 16383.00
2715.00 16383.00
2716.00 16383.00
2717.00 16383.00
2718.00 16383.00
2719.00 16383.00
2720.00 16383.00
2721.00 16383.00
2722.00 16383.00
2723.00 16383.00
2724.00 16383.00
2725.00 16383.00
2726.00 16383.00
2727.00 16383.00
2728.00 16383.00
2729.00 16383.00
2730.00 16383.00
2731.00 16383.00
2732.00 16383.00
2733.00 16383.00
2734.00 16383.00
2735.00 16383.00
2736.00 16383.00
2737.00 16383.00
2738.00 16383.00
2739.00 16383.00
2740.00 16383.00
2741.00 16383.00
2742.00 16383.00
2743.00 16383.00
2744.00 16383.00
2745.00 16383.00
2746.00 16383.00
2747.00 16383.00
2748.00 16383.00
2749.00 16383.00
2750.00 16383.00
2751.00 16383.00
2752.00 16383.00
2753.00 16383.00
2754.00 16383.00
2755.00 16383.00
2756.00 16383.00
2757.00 16383.00
2758.00 16383.00
2759.00 16383.00
2760.00 16383.00
2761.00 16383.00
2762.00 16383.00
2763.00 16383.00
2764.00 16383.00
2765.00 16383.00
2766.00 16383.00
2767.00 16383.00
2768.00 16383.00
2769.00 16383.00
2770.00 16383.00
2771.00 16383.00
2772.00 16383.00
2773.00 16383.00
2774.00 16383.00
2775.00 16383.00
2776.00 16383.00
2777.00 16383.00
2778.00 16383.00
2779.00 16383.00
2780.00 16383.00
2781.00 16383.00
2782.00 16383.00
2783.00 16383.00
2784.00 16383.00
2785.00 16383.00
2786.00 16383.00
2787.00 16383.00
2788.00 16383.00
2789.00 16383.00
2790.00 16383.00
2791.00 16383.00
2792.00 16383.00
2793.00 16383.00
2794.00 16383.00
2795.00 16383.00
2796.00 16383.00
2797.00 16383.00
2798.00 16383.00
2799.00 16383.00
2800.00 16383.00
2801.00 16383.00
2802.00 16383.00
2803.00 16383.00
2804.00 16383.00
2805.00 16383.00
2806.00 16383.00
2807.00 16383.00
2808.00 16383.00
2809.00 16383.00
2810.00 16383.00
2811.00 16383.00
2812.00 16383.00
2813.00 16383.00
2814.00 16383.00
2815.00 16383.00
2816.00 16383.00
2817.00 16383.00
2818.00 16383.00
2819.00 16383.00
2820.00 16383.00
2821.00 16383.00
2822.00 16383.00
2823.00 16383.00
2824.00 16383.00
2825.00 16383.00
2826.00 16383.00
2827.00 16383.00
2828.00 16383.00
2829.00 16383.00
2830.00 16383.00
2831.00 16383.00
2832.00 16383.00
2833.00 16383.00
2834.00 16383.00
2835.00 16383.00
2836.00 16383.00
2837.00 16383.00
2838.00 16383.00
2839.00 16383.00
2840.00 16383.00
2841.00 16383.00
2842.00 16383.00
2843.00 16383.00
2844.00 16383.00
2845.00 16383.00
2846.00 16383.00
2847.00 16383.00
2848.00 16383.00
2849.00 16383.00
2850.00 16383.00
2851.00 16383.00
2852.00 16383.00
2853.00 16383.00
2854.00 16383.00
2855.00 16383.00
2856.00 16383.00
2857.00 16383.00
2858.00 16383.00
2859.00 16383.00
2860.00 16383.00
2861.00 16383.00
2862.00 16383.00
2863.00 16383.00
2864.00 16383.00
2865.00 16383.00
2866.00 16383.00
2867.00 16383.00
2868.00 16383.00
2869.00 16383.00
2870.00 16383.00
2871.00 16383.00
2872.00 16383.00
2873.00 16383.00
2874.00 16383.00
2875.00 16383.00
2876.00 16383.00
2877.00 16383.00
2878.00 16383.00
2879.00 16383.00
2880.00 16383.00
2881.00 16383.00
2882.00 16383.00
2883.00 16383.00
2884.00 16383.00
2885.00 16383.00
2886.00 16383.00
2887.00 16383.00
2888.00 16383.00
2889.00 16383.00
2890.00 16383.00
2891.00 16383.00
2892.00 16383.00
2893.00 16383.00
2894.00 16383.00
2895.00 16383.00
2896.00 16383.00
2897.00 16383.00
2898.00 16383.00
2899.00 16383.00
2900.00 16383.00
2901.00 16383.00
2902.00 16383.00
2903.00 16383.00
2904.00 16383.00
2905.00 16383.00
2906.00 16383.00
2907.00 16383.00
2908.00 16383.00
2909.00 16383.00
2910.00 16383.00
2911.00 16383.00
2912.00 16383.00
2913.00 16383.00
2914.00 16383.00
2915.00 16383.00
2916.00 16383.00
2917.00 16383.00
2918.00 16383.00
2919.00 16383.00
2920.00 16383.00
2921.00 16383.00
2922.00 16383.00
2923.00 16383.00
2924.00 16383.00
2925.00 16383.00
2926.00 16383.00
2927.00 16383.00
2928.00 16383.00
2929.00 16383.00
2930.00 16383.00
2931.00 16383.00
2932.00 16383.00
2933.00 16383.00
2934.00 16383.00
2935.00 16383.00
2936.00 16383.00
2937.00 16383.00
2938.00 16383.00
2939.00 16383.00
2940.00 16383.00
2941.00 16383.00
2942.00 16383.00
2943.00 16383.00
2944.00 16383.00
2945.00 16383.00
2946.00 16383.00
2947.00 16383.00
2948.00 16383.00
2949.00 16383.00
2950.00 16383.00
2951.00 16383.00
2952.00 16383.00
2953.00 16383.00
2954.00 16383.00
2955.00 16383.00
2956.00 16383.00
2957.00 16383.00
2958.00 16383.00
2959.00 16383.00
2960.00 16383.00
2961.00 16383.00
2962.00 16383.00
2963.00 16383.00
2964.00 16383.00
2965.00 16383.00
2966.00 16383.00
2967.00 16383.00
2968.00 16383.00
2969.00 16383.00
2970.00 16383.00
2971.00 16383.00
2972.00 16383.00
2973.00 16383.00
2974.00 16383.00
2975.00 16383.00
2976.00 16383.00
2977.00 16383.00
2978.00 16383.00
2979.00 16383.00
2980.00 16383.00
2981.00 16383.00
2982.00 16383.00
2983.00 16383.00
2984.00 16383.00
2985.00 16383.00
2986.00 16383.00
2987.00 16383.00
2988.00 16383.00
2989.00 16383.00
2990.00 16383.00
2991.00 16383.00
2992.00 16383.00
2993.00 16383.00
2994.00 16383.00
2995.00 16383.00
2996.00 16383.00
2997.00 16383.00
2998.00 16383.00
2999.00 16383.00
3000.00 16383.00
3001.00 16383.00
3002.00 16383.00
3003.00 16383.00
3004.00 16383.00
3005.00 16383.00
3006.00 16383.00
3007.00 16383.00
3008.00 16383.00
3009.00 16383.00
3010.00 16383.00
3011.00 16383.00
3012.00 16383.00
3013.00 16383.00
3014.00 16383.00
3015.00 16383.00
3016.00 16383.00
3017.00 16383.00
3018.00 16383.00
3019.00 16383.00
3020.00 16383.00
3021.00 16383.00
3022.00 16383.00
3023.00 16383.00
3024.00 16383.00
3025.00 16383.00
3026.00 16383.00
3027.00 16383.00
3028.00 16383.00
3029.00 16383.00
3030.00 16383.00
3031.00 16383.00
3032.00 16383.00
3033.00 16383.00
3034.00 16383.00
3035.00 16383.00
3036.00 16383.00
3037.00 16383.00
3038.00 16383.00
3039.00 16383.00
3040.00 16383.00
3041.00 16383.00
3042.00 16383.00
3043.00 16383.00
3044.00 16383.00
3045.00 16383.00
3046.00 16383.00
3047.00 16383.00
3048.00 16383.00
3049.00 16383.00
3050.00 16383.00
3051.00 16383.00
3052.00 16383.00
3053.00 16383.00
3054.00 16383.00
3055.00 16383.00
3056.00 16383.00
3057.00 16383.00
3058.00 16383.00
3059.00 16383.00
3060.00 16383.00
3061.00 16383.00
3062.00 16383.00
3063.00 16383.00
3064.00 16383.00
3065.00 16383.00
3066.00 16383.00
3067.00 16383.00
3068.00 16383.00
3069.00 16383.00
3070.00 16383.00
3071.00 16383.00
3072.00 16383.00
3073.00 16383.00
3074.00 16383.00
3075.00 16383.00
3076.00 16383.00
3077.00 16383.00
3078.00 16383.00
3079.00 16383.00
3080.00 16383.00
3081.00 16383.00
3082.00 16383.00
3083.00 16383.00
3084.00 16383.00
3085.00 16383.00
3086.00 16383.00
3087.00 16383.00
3088.00 16383.00
3089.00 16383.00
3090.00 16383.00
3091.00 16383.00
3092.00 16383.00
3093.00 16383.00
3094.00 16383.00
3095.00 16383.00
3096.00 16383.00
3097.00 16383.00
3098.00 16383.00
3099.00 16383.00
3100.00 16383.00
3101.00 16383.00
3102.00 16383.00
3103.00 16383.00
3104.00 16383.00
3105.00 16383.00
3106.00 16383.00
3107.00 16383.00
3108.00 16383.00
3109.00 16383.00
3110.00 16383.00
3111.00 16383.00
3112.00 16383.00
3113.00 16383.00
3114.00 16383.00
3115.00 16383.00
3116.00 16383.00
3117.00 16383.00
3118.00 16383.00
3119.00 16383.00
3120.00 13132.60
3121.00 16383.00
3122.00 3266.60
3123.00 15839.40
3124.00 3252.00
3125.00 15824.60
3126.00 3242.20
3127.00 15805.00
3128.00 3236.00
3129.00 7559.20
3130.00 1595.20
3131.00 674.60
3132.00 648.60
3133.00 663.00
3134.00 649.20
3135.00 652.00
3136.00 643.00
3137.00 638.80
3138.00 629.00
3139.00 657.60
3140.00 632.60
3141.00 638.60
3142.00 627.60
3143.00 631.00
3144.00 619.00
3145.00 632.00
3146.00 623.40
3147.00 626.40
3148.00 624.60
3149.00 627.80
3150.00 622.80
3151.00 636.00
3152.00 618.40
3153.00 623.80
3154.00 632.60
3155.00 628.00
3156.00 619.60
3157.00 619.40
3158.00 615.00
3159.00 617.00
3160.00 620.00
3161.00 612.00
3162.00 619.80
3163.00 613.40
3164.00 608.20
3165.00 608.40
3166.00 609.60
3167.00 611.60
3168.00 607.60
3169.00 613.20
3170.00 608.80
3171.00 613.80
3172.00 613.40
3173.00 610.00
3174.00 605.40
3175.00 604.60
3176.00 603.80
3177.00 597.20
3178.00 602.60
3179.00 610.60
3180.00 616.20
3181.00 607.20
3182.00 600.20
3183.00 605.60
3184.00 609.40
3185.00 608.00
3186.00 597.40
3187.00 601.00
3188.00 596.00
3189.00 603.40
3190.00 602.60
3191.00 602.00
3192.00 589.40
3193.00 597.80
3194.00 600.40
3195.00 606.40
3196.00 604.00
3197.00 602.60
3198.00 598.40
3199.00 600.20
3200.00 589.80
3201.00 596.80
3202.00 597.40
3203.00 602.20
3204.00 598.20
3205.00 598.80
3206.00 591.80
3207.00 595.60
3208.00 598.20
3209.00 593.80
3210.00 595.20
3211.00 593.60
3212.00 590.60
3213.00 597.20
3214.00 589.80
3215.00 598.00
3216.00 592.00
3217.00 602.60
3218.00 595.40
3219.00 591.20
3220.00 593.80
3221.00 604.00
3222.00 591.60
3223.00 595.60
3224.00 598.00
3225.00 584.80
3226.00 579.80
3227.00 587.80
3228.00 592.60
3229.00 589.40
3230.00 583.80
3231.00 600.80
3232.00 588.20
3233.00 587.60
3234.00 588.20
3235.00 597.20
3236.00 584.20
3237.00 594.60
3238.00 586.00
3239.00 597.60
3240.00 587.60
3241.00 597.60
3242.00 593.60
3243.00 594.00
3244.00 592.20
3245.00 595.60
3246.00 588.00
3247.00 589.80
3248.00 598.40
3249.00 585.40
3250.00 592.40
3251.00 592.80
3252.00 587.00
3253.00 596.40
3254.00 589.20
3255.00 587.20
3256.00 583.40
3257.00 587.00
3258.00 594.80
3259.00 590.80
3260.00 583.20
3261.00 584.20
3262.00 580.00
3263.00 592.60
3264.00 584.20
3265.00 585.20
3266.00 591.80
3267.00 598.20
3268.00 590.20
3269.00 588.60
3270.00 586.40
3271.00 586.60
3272.00 592.80
3273.00 583.80
3274.00 592.00
3275.00 592.80
3276.00 583.20
3277.00 592.00
3278.00 592.40
3279.00 587.00
3280.00 584.20
3281.00 582.20
3282.00 578.80
3283.00 577.20
3284.00 583.80
3285.00 586.60
3286.00 577.40
3287.00 591.20
3288.00 581.80
3289.00 580.40
3290.00 575.80
3291.00 581.40
3292.00 585.80
3293.00 576.60
3294.00 586.40
3295.00 584.20
3296.00 577.00
3297.00 581.20
3298.00 586.80
3299.00 580.80
3300.00 585.40
3301.00 584.00
3302.00 578.80
3303.00 580.40
3304.00 580.00
3305.00 582.80
3306.00 576.40
3307.00 585.60
3308.00 587.80
3309.00 586.80
3310.00 584.00
3311.00 584.60
3312.00 587.40
3313.00 582.80
3314.00 575.20
3315.00 576.00
3316.00 574.40
3317.00 581.80
3318.00 575.80
3319.00 582.80
3320.00 581.60
3321.00 587.40
3322.00 576.00
3323.00 584.00
3324.00 582.20
3325.00 581.00
3326.00 584.00
3327.00 577.40
3328.00 578.20
3329.00 576.40
3330.00 578.00
3331.00 578.80
3332.00 584.60
3333.00 576.60
3334.00 577.80
3335.00 575.80
3336.00 581.40
3337.00 582.40
3338.00 577.80
3339.00 590.80
3340.00 579.60
3341.00 581.40
3342.00 578.80
3343.00 582.40
3344.00 578.00
3345.00 576.20
3346.00 581.00
3347.00 578.60
3348.00 578.40
3349.00 573.00
3350.00 584.00
3351.00 575.80
3352.00 575.60
3353.00 579.80
3354.00 568.20
3355.00 579.20
3356.00 586.00
3357.00 576.60
3358.00 606.60
3359.00 584.20
3360.00 587.20
3361.00 580.80
3362.00 581.80
3363.00 582.00
3364.00 571.40
3365.00 573.60
3366.00 579.80
3367.00 576.00
3368.00 576.40
3369.00 579.20
3370.00 577.80
3371.00 579.20
3372.00 575.20
3373.00 573.60
3374.00 571.00
3375.00 576.40
3376.00 581.60
3377.00 577.20
3378.00 576.40
3379.00 573.20
3380.00 586.80
3381.00 576.40
3382.00 575.80
3383.00 577.40
3384.00 581.20
3385.00 578.40
3386.00 572.80
3387.00 576.20
3388.00 573.00
3389.00 573.80
3390.00 581.00
3391.00 575.80
3392.00 576.80
3393.00 577.80
3394.00 577.80
3395.00 584.80
3396.00 578.80
3397.00 574.40
3398.00 567.20
3399.00 577.60
3400.00 563.00
3401.00 575.60
3402.00 575.20
3403.00 573.40
3404.00 577.00
3405.00 576.00
3406.00 566.00
3407.00 579.00
3408.00 575.00
3409.00 569.60
3410.00 568.80
3411.00 584.20
3412.00 576.40
3413.00 575.20
3414.00 570.80
3415.00 574.60
3416.00 569.00
3417.00 581.60
3418.00 576.60
3419.00 581.60
3420.00 566.20
3421.00 572.60
3422.00 574.00
3423.00 577.80
3424.00 576.20
3425.00 576.20
3426.00 572.60
3427.00 574.80
3428.00 575.00
3429.00 579.40
3430.00 571.00
3431.00 568.40
3432.00 570.20
3433.00 573.20
3434.00 573.60
3435.00 571.60
3436.00 575.80
3437.00 577.60
3438.00 576.60
3439.00 565.80
3440.00 570.20
3441.00 574.20
3442.00 573.60
3443.00 571.00
3444.00 575.00
3445.00 573.40
3446.00 574.20
3447.00 573.40
3448.00 578.80
3449.00 576.60
3450.00 572.40
3451.00 565.20
3452.00 568.00
3453.00 570.60
3454.00 567.40
3455.00 568.20
3456.00 567.40
3457.00 572.20
3458.00 576.00
3459.00 580.60
3460.00 570.40
3461.00 573.60
3462.00 571.20
3463.00 567.00
3464.00 572.80
3465.00 571.40
3466.00 588.40
3467.00 572.80
3468.00 577.20
3469.00 579.60
3470.00 572.00
3471.00 565.00
3472.00 571.60
3473.00 569.60
3474.00 587.60
3475.00 567.60
3476.00 577.60
3477.00 570.60
3478.00 564.40
3479.00 572.00
3480.00 568.60
3481.00 573.20
3482.00 565.80
3483.00 571.20
3484.00 572.40
3485.00 577.00
3486.00 570.00
3487.00 568.00
3488.00 562.60
3489.00 575.60
3490.00 570.20
3491.00 567.20
3492.00 567.40
3493.00 567.60
3494.00 572.40
3495.00 566.20
3496.00 562.80
3497.00 571.60
3498.00 574.60
3499.00 574.00
3500.00 567.00
3501.00 575.20
3502.00 568.20
3503.00 569.60
3504.00 564.40
3505.00 566.60
3506.00 563.40
3507.00 583.40
3508.00 576.00
3509.00 571.80
3510.00 568.20
3511.00 577.40
3512.00 574.40
3513.00 572.80
3514.00 569.20
3515.00 569.20
3516.00 573.00
3517.00 575.00
3518.00 570.00
3519.00 575.00
3520.00 577.20
3521.00 579.00
3522.00 571.80
3523.00 563.40
3524.00 567.40
3525.00 579.60
3526.00 574.80
3527.00 565.60
3528.00 561.00
3529.00 572.40
3530.00 560.60
3531.00 568.00
3532.00 567.60
3533.00 567.00
3534.00 567.80
3535.00 567.40
3536.00 564.20
3537.00 574.00
3538.00 558.20
3539.00 571.80
3540.00 568.20
3541.00 569.20
3542.00 572.60
3543.00 568.60
3544.00 568.80
3545.00 566.00
3546.00 567.60
3547.00 567.40
3548.00 569.80
3549.00 568.20
3550.00 577.60
3551.00 571.20
3552.00 572.60
3553.00 565.20
3554.00 568.80
3555.00 570.20
3556.00 564.40
3557.00 562.20
3558.00 567.40
3559.00 563.20
3560.00 574.40
3561.00 566.40
3562.00 569.00
3563.00 572.20
3564.00 565.20
3565.00 573.00
3566.00 565.80
3567.00 567.00
3568.00 571.80
3569.00 567.20
3570.00 567.00
3571.00 575.20
3572.00 560.00
3573.00 568.40
3574.00 568.00
3575.00 565.40
3576.00 571.00
3577.00 566.80
3578.00 574.20
3579.00 570.20
3580.00 574.00
3581.00 575.80
3582.00 566.60
3583.00 564.00
3584.00 567.80
3585.00 565.00
3586.00 577.20
3587.00 564.00
3588.00 573.00
3589.00 566.40
3590.00 568.00
3591.00 567.00
3592.00 562.00
3593.00 569.00
3594.00 566.60
3595.00 574.40
3596.00 567.20
3597.00 571.60
3598.00 571.40
3599.00 569.40
3600.00 568.00
3601.00 563.00
3602.00 574.80
3603.00 560.00
3604.00 565.60
3605.00 559.20
3606.00 571.00
3607.00 563.00
3608.00 565.00
3609.00 569.00
3610.00 564.20
3611.00 568.20
3612.00 561.00
3613.00 565.60
3614.00 570.00
3615.00 571.40
3616.00 561.60
3617.00 560.40
3618.00 569.80
3619.00 570.20
3620.00 561.00
3621.00 571.60
3622.00 575.20
3623.00 560.20
3624.00 564.80
3625.00 565.20
3626.00 566.40
3627.00 576.40
3628.00 570.20
3629.00 564.60
3630.00 571.60
3631.00 571.60
3632.00 570.40
3633.00 564.60
3634.00 569.80
3635.00 560.80
3636.00 557.20
3637.00 565.20
3638.00 559.40
3639.00 562.00
3640.00 574.00
3641.00 568.20
3642.00 561.20
3643.00 565.20
3644.00 561.40
3645.00 569.40
3646.00 575.20
3647.00 564.80
