0.00 1150.00
1.00 1190.80
2.00 1188.00
3.00 1198.20
4.00 1192.80
5.00 1187.20
6.00 1177.40
7.00 1200.20
8.00 1162.60
9.00 1173.00
10.00 1169.00
11.00 1165.60
12.00 1159.40
13.00 1153.20
14.00 1160.20
15.00 1166.20
16.00 1151.40
17.00 1161.80
18.00 1163.00
19.00 1156.40
20.00 1153.00
21.00 1156.00
22.00 1154.60
23.00 1156.60
24.00 1152.40
25.00 1164.60
26.00 1151.40
27.00 1146.00
28.00 1141.80
29.00 1145.40
30.00 1139.00
31.00 1144.40
32.00 1146.00
33.00 1155.60
34.00 1160.80
35.00 1151.60
36.00 1148.60
37.00 1165.00
38.00 1154.60
39.00 1157.80
40.00 1162.00
41.00 1159.20
42.00 1147.40
43.00 1155.80
44.00 1164.00
45.00 1149.80
46.00 1153.80
47.00 1158.00
48.00 1140.60
49.00 1150.60
50.00 1142.80
51.00 1146.80
52.00 1151.60
53.00 1149.80
54.00 1139.20
55.00 1138.20
56.00 1133.80
57.00 1138.80
58.00 1136.60
59.00 1148.20
60.00 1135.00
61.00 1141.80
62.00 1149.40
63.00 1138.40
64.00 1129.00
65.00 1138.00
66.00 1147.40
67.00 1146.40
68.00 1131.20
69.00 1140.60
70.00 1146.00
71.00 1136.40
72.00 1145.00
73.00 1155.60
74.00 1154.00
75.00 1152.60
76.00 1142.60
77.00 1148.00
78.00 1137.40
79.00 1145.60
80.00 1137.80
81.00 1139.40
82.00 1133.00
83.00 1148.60
84.00 1130.80
85.00 1135.80
86.00 1142.80
87.00 1151.40
88.00 1123.20
89.00 1145.60
90.00 1152.00
91.00 1136.40
92.00 1140.00
93.00 1144.20
94.00 1135.60
95.00 1155.00
96.00 1138.20
97.00 1146.20
98.00 1144.20
99.00 1136.40
100.00 1123.40
101.00 1143.40
102.00 1133.00
103.00 1148.20
104.00 1140.00
105.00 1140.00
106.00 1139.80
107.00 1149.20
108.00 1139.00
109.00 1140.40
110.00 1138.40
111.00 1143.00
112.00 1129.80
113.00 1148.80
114.00 1133.20
115.00 1145.60
116.00 1136.60
117.00 1138.60
118.00 1131.80
119.00 1135.60
120.00 1129.80
121.00 1137.20
122.00 1136.20
123.00 1136.00
124.00 1137.80
125.00 1137.40
126.00 1131.60
127.00 1134.00
128.00 1130.80
129.00 1126.20
130.00 1117.40
131.00 1140.20
132.00 1132.60
133.00 1133.60
134.00 1135.80
135.00 1113.80
136.00 1117.40
137.00 1127.00
138.00 1125.60
139.00 1125.00
140.00 1131.00
141.00 1135.00
142.00 1145.00
143.00 1132.40
144.00 1138.60
145.00 1127.60
146.00 1130.40
147.00 1129.20
148.00 1105.40
149.00 1119.80
150.00 1109.60
151.00 1121.20
152.00 1104.00
153.00 1120.40
154.00 1106.20
155.00 1117.20
156.00 1105.80
157.00 1120.20
158.00 1115.20
159.00 1130.00
160.00 1118.20
161.00 1108.60
162.00 1113.60
163.00 1127.60
164.00 1114.20
165.00 1110.60
166.00 1115.00
167.00 1122.40
168.00 1107.00
169.00 1117.60
170.00 1113.00
171.00 1125.00
172.00 1118.00
173.00 1122.60
174.00 1124.60
175.00 1118.80
176.00 1112.80
177.00 1122.20
178.00 1114.40
179.00 1129.60
180.00 1123.80
181.00 1124.40
182.00 1130.60
183.00 1137.20
184.00 1106.60
185.00 1130.00
186.00 1113.00
187.00 1126.40
188.00 1108.20
189.00 1114.00
190.00 1096.20
191.00 1111.60
192.00 1096.00
193.00 1112.60
194.00 1106.40
195.00 1111.80
196.00 1101.80
197.00 1114.40
198.00 1109.60
199.00 1114.00
200.00 1096.80
201.00 1104.00
202.00 1116.20
203.00 1117.40
204.00 1095.40
205.00 1105.60
206.00 1099.60
207.00 1099.20
208.00 1084.40
209.00 1111.40
210.00 1105.20
211.00 1092.00
212.00 1101.00
213.00 1101.40
214.00 1089.20
215.00 1099.40
216.00 1092.00
217.00 1095.60
218.00 1077.40
219.00 1093.40
220.00 1075.80
221.00 1093.60
222.00 1078.40
223.00 1076.60
224.00 1089.40
225.00 1096.60
226.00 1096.80
227.00 1097.40
228.00 1097.80
229.00 1086.20
230.00 1087.00
231.00 1093.60
232.00 1073.80
233.00 1087.80
234.00 1082.00
235.00 1083.00
236.00 1079.40
237.00 1086.20
238.00 1078.40
239.00 1069.00
240.00 1076.80
241.00 1087.20
242.00 1063.80
243.00 1090.60
244.00 1082.80
245.00 1092.00
246.00 1079.40
247.00 1067.00
248.00 1057.00
249.00 1058.60
250.00 1073.80
251.00 1083.40
252.00 1064.60
253.00 1063.60
254.00 1060.40
255.00 1073.60
256.00 1070.40
257.00 1080.60
258.00 1083.20
259.00 1073.80
260.00 1065.40
261.00 1077.20
262.00 1056.40
263.00 1077.60
264.00 1059.40
265.00 1058.40
266.00 1058.80
267.00 1082.20
268.00 1059.00
269.00 1065.60
270.00 1080.20
271.00 1075.40
272.00 1059.00
273.00 1066.60
274.00 1058.40
275.00 1066.40
276.00 1056.60
277.00 1072.60
278.00 1071.00
279.00 1063.60
280.00 1046.80
281.00 1061.20
282.00 1055.00
283.00 1055.20
284.00 1043.80
285.00 1049.80
286.00 1052.20
287.00 1054.00
288.00 1045.40
289.00 1059.40
290.00 1051.60
291.00 1062.00
292.00 1062.80
293.00 1053.20
294.00 1058.40
295.00 1058.60
296.00 1046.40
297.00 1051.00
298.00 1056.80
299.00 1047.80
300.00 1039.40
301.00 1045.00
302.00 1039.80
303.00 1043.60
304.00 1050.80
305.00 1050.60
306.00 1036.00
307.00 1038.80
308.00 1048.40
309.00 1046.40
310.00 1038.60
311.00 1046.20
312.00 1044.00
313.00 1041.00
314.00 1030.80
315.00 1029.00
316.00 1022.40
317.00 1033.40
318.00 1032.80
319.00 1028.60
320.00 1031.60
321.00 1035.20
322.00 1031.00
323.00 1033.60
324.00 1025.00
325.00 1025.00
326.00 1027.60
327.00 1039.40
328.00 1020.20
329.00 1029.80
330.00 997.80
331.00 1025.40
332.00 1019.00
333.00 1021.60
334.00 1026.60
335.00 1028.60
336.00 1030.00
337.00 1017.40
338.00 1015.80
339.00 1030.40
340.00 1023.00
341.00 1037.20
342.00 1027.00
343.00 1023.60
344.00 1024.60
345.00 1027.40
346.00 1010.80
347.00 1025.20
348.00 1021.00
349.00 1039.40
350.00 1020.00
351.00 1027.20
352.00 1018.80
353.00 1023.00
354.00 1008.40
355.00 1015.20
356.00 1016.20
357.00 1021.40
358.00 1010.40
359.00 1004.80
360.00 1017.60
361.00 1022.20
362.00 1001.00
363.00 1017.00
364.00 1007.80
365.00 1008.80
366.00 1003.20
367.00 1014.20
368.00 1002.00
369.00 1004.20
370.00 999.60
371.00 996.60
372.00 1000.80
373.00 1004.60
374.00 1002.60
375.00 1000.60
376.00 1000.80
377.00 985.80
378.00 985.20
379.00 1006.80
380.00 991.40
381.00 997.20
382.00 1004.40
383.00 996.40
384.00 984.00
385.00 993.20
386.00 993.60
387.00 1015.20
388.00 1004.00
389.00 1010.40
390.00 1012.80
391.00 1001.60
392.00 996.80
393.00 999.80
394.00 999.80
395.00 998.20
396.00 987.40
397.00 995.60
398.00 975.60
399.00 973.00
400.00 969.40
401.00 990.40
402.00 975.40
403.00 985.60
404.00 985.80
405.00 992.80
406.00 971.60
407.00 987.80
408.00 972.60
409.00 984.20
410.00 984.40
411.00 988.80
412.00 980.00
413.00 983.60
414.00 971.60
415.00 985.20
416.00 980.00
417.00 984.40
418.00 973.80
419.00 989.60
420.00 985.60
421.00 980.20
422.00 982.20
423.00 982.20
424.00 975.00
425.00 979.80
426.00 978.60
427.00 985.80
428.00 974.80
429.00 973.40
430.00 973.00
431.00 985.00
432.00 978.80
433.00 972.20
434.00 970.40
435.00 978.80
436.00 963.60
437.00 980.60
438.00 972.00
439.00 977.80
440.00 970.00
441.00 969.00
442.00 967.40
443.00 969.60
444.00 976.80
445.00 968.20
446.00 956.00
447.00 975.20
448.00 963.40
449.00 974.80
450.00 967.40
451.00 977.60
452.00 969.80
453.00 973.00
454.00 978.60
455.00 976.80
456.00 980.40
457.00 981.40
458.00 983.80
459.00 973.40
460.00 966.00
461.00 971.60
462.00 974.20
463.00 972.40
464.00 961.40
465.00 980.20
466.00 972.60
467.00 978.00
468.00 964.00
469.00 976.00
470.00 975.60
471.00 977.00
472.00 975.60
473.00 970.60
474.00 957.40
475.00 971.00
476.00 963.60
477.00 980.40
478.00 963.80
479.00 959.20
480.00 959.60
481.00 966.20
482.00 957.80
483.00 963.20
484.00 953.60
485.00 972.40
486.00 951.80
487.00 975.40
488.00 963.00
489.00 955.20
490.00 949.80
491.00 956.00
492.00 939.80
493.00 970.80
494.00 955.60
495.00 956.60
496.00 957.00
497.00 966.00
498.00 960.40
499.00 967.60
500.00 955.80
501.00 965.00
502.00 957.00
503.00 961.80
504.00 953.60
505.00 961.80
506.00 963.80
507.00 968.60
508.00 950.00
509.00 957.40
510.00 953.00
511.00 972.20
512.00 951.60
513.00 973.20
514.00 951.40
515.00 964.40
516.00 941.00
517.00 960.40
518.00 950.80
519.00 956.40
520.00 947.60
521.00 963.80
522.00 962.00
523.00 962.40
524.00 942.40
525.00 947.60
526.00 947.20
527.00 952.40
528.00 956.80
529.00 951.40
530.00 939.40
531.00 961.00
532.00 931.80
533.00 956.20
534.00 947.40
535.00 959.40
536.00 946.80
537.00 954.60
538.00 952.00
539.00 956.60
540.00 954.20
541.00 964.00
542.00 944.80
543.00 958.80
544.00 940.80
545.00 946.00
546.00 950.20
547.00 952.40
548.00 953.00
549.00 956.20
550.00 950.40
551.00 965.20
552.00 945.20
553.00 943.60
554.00 947.00
555.00 953.80
556.00 945.40
557.00 957.80
558.00 950.60
559.00 952.00
560.00 960.40
561.00 946.40
562.00 949.80
563.00 946.00
564.00 938.80
565.00 950.20
566.00 949.20
567.00 950.20
568.00 948.00
569.00 960.80
570.00 957.60
571.00 956.40
572.00 954.00
573.00 960.40
574.00 963.60
575.00 962.20
576.00 944.60
577.00 959.20
578.00 947.40
579.00 962.80
580.00 968.60
581.00 968.60
582.00 966.60
583.00 978.20
584.00 969.20
585.00 963.80
586.00 972.00
587.00 974.20
588.00 960.00
589.00 973.20
590.00 962.60
591.00 983.80
592.00 978.20
593.00 983.00
594.00 977.80
595.00 971.80
596.00 978.00
597.00 972.40
598.00 972.20
599.00 981.60
600.00 975.20
601.00 990.20
602.00 981.60
603.00 999.00
604.00 982.20
605.00 980.80
606.00 989.00
607.00 994.80
608.00 977.40
609.00 978.80
610.00 981.60
611.00 992.80
612.00 962.40
613.00 985.00
614.00 985.60
615.00 992.80
616.00 971.20
617.00 985.40
618.00 976.80
619.00 990.40
620.00 987.00
621.00 998.80
622.00 985.20
623.00 995.00
624.00 994.00
625.00 995.20
626.00 988.00
627.00 1006.00
628.00 995.20
629.00 1013.80
630.00 990.00
631.00 1009.20
632.00 1007.40
633.00 1001.80
634.00 983.00
635.00 1009.00
636.00 986.20
637.00 1010.00
638.00 1009.60
639.00 1017.40
640.00 1006.80
641.00 1005.00
642.00 1003.00
643.00 1014.00
644.00 1015.00
645.00 1019.60
646.00 1003.40
647.00 1007.80
648.00 989.00
649.00 1015.80
650.00 1000.80
651.00 1013.40
652.00 1012.60
653.00 1024.20
654.00 1008.20
655.00 1025.60
656.00 1021.80
657.00 1024.20
658.00 1012.80
659.00 1021.40
660.00 1029.40
661.00 1039.20
662.00 1029.80
663.00 1034.40
664.00 1031.20
665.00 1020.20
666.00 1023.60
667.00 1041.60
668.00 1018.80
669.00 1031.80
670.00 1019.80
671.00 1030.00
672.00 1012.40
673.00 1033.40
674.00 1010.20
675.00 1019.60
676.00 1013.20
677.00 1023.00
678.00 1017.00
679.00 1021.20
680.00 1010.80
681.00 1022.20
682.00 1014.40
683.00 1015.40
684.00 1015.40
685.00 1018.60
686.00 1017.80
687.00 1025.40
688.00 1020.80
689.00 1027.20
690.00 1023.60
691.00 1015.60
692.00 1011.40
693.00 1019.00
694.00 1019.80
695.00 1025.80
696.00 1020.80
697.00 1019.80
698.00 1026.00
699.00 1028.60
700.00 1020.20
701.00 1010.60
702.00 1008.20
703.00 1019.40
704.00 1017.60
705.00 1019.80
706.00 1019.60
707.00 1008.00
708.00 1005.20
709.00 1016.00
710.00 1004.60
711.00 1013.20
712.00 1010.60
713.00 1009.20
714.00 1019.00
715.00 1014.20
716.00 1009.40
717.00 1002.20
718.00 1002.20
719.00 1009.80
720.00 1005.20
721.00 1008.20
722.00 1010.20
723.00 1014.00
724.00 1003.80
725.00 1016.20
726.00 1008.00
727.00 1014.00
728.00 1001.00
729.00 1009.40
730.00 1009.00
731.00 1009.00
732.00 1010.80
733.00 1019.40
734.00 1017.40
735.00 1020.20
736.00 1006.60
737.00 1028.60
738.00 1018.60
739.00 1033.20
740.00 1023.00
741.00 1030.20
742.00 1050.00
743.00 1059.20
744.00 1053.60
745.00 1055.00
746.00 1048.80
747.00 1067.80
748.00 1057.80
749.00 1069.40
750.00 1059.60
751.00 1072.80
752.00 1063.80
753.00 1087.40
754.00 1082.00
755.00 1104.60
756.00 1102.20
757.00 1117.20
758.00 1115.00
759.00 1142.60
760.00 1123.60
761.00 1157.40
762.00 1162.80
763.00 1164.20
764.00 1162.40
765.00 1172.20
766.00 1170.60
767.00 1185.00
768.00 1181.40
769.00 1189.00
770.00 1196.00
771.00 1209.80
772.00 1187.60
773.00 1201.80
774.00 1214.20
775.00 1216.00
776.00 1208.20
777.00 1227.40
778.00 1228.00
779.00 1234.20
780.00 1235.80
781.00 1236.20
782.00 1237.40
783.00 1241.80
784.00 1233.20
785.00 1219.40
786.00 1234.20
787.00 1235.40
788.00 1238.00
789.00 1244.00
790.00 1245.40
791.00 1229.40
792.00 1238.40
793.00 1247.60
794.00 1256.20
795.00 1281.20
796.00 1279.20
797.00 1272.20
798.00 1267.80
799.00 1286.40
800.00 1287.20
801.00 1281.20
802.00 1274.80
803.00 1278.00
804.00 1281.20
805.00 1310.80
806.00 1295.20
807.00 1309.20
808.00 1292.20
809.00 1314.00
810.00 1294.60
811.00 1296.20
812.00 1297.20
813.00 1297.80
814.00 1281.40
815.00 1285.80
816.00 1296.00
817.00 1309.60
818.00 1283.60
819.00 1307.20
820.00 1299.40
821.00 1318.20
822.00 1291.40
823.00 1323.00
824.00 1305.60
825.00 1300.80
826.00 1314.40
827.00 1333.40
828.00 1317.00
829.00 1310.00
830.00 1319.20
831.00 1324.40
832.00 1316.40
833.00 1315.00
834.00 1302.00
835.00 1314.20
836.00 1299.60
837.00 1318.40
838.00 1310.00
839.00 1333.40
840.00 1320.80
841.00 1325.20
842.00 1321.80
843.00 1326.60
844.00 1327.80
845.00 1317.80
846.00 1328.40
847.00 1359.60
848.00 1326.60
849.00 1349.60
850.00 1336.20
851.00 1355.40
852.00 1342.20
853.00 1347.00
854.00 1339.00
855.00 1366.00
856.00 1350.00
857.00 1348.60
858.00 1342.80
859.00 1342.80
860.00 1335.60
861.00 1354.60
862.00 1349.40
863.00 1356.20
864.00 1349.80
865.00 1343.00
866.00 1340.20
867.00 1351.00
868.00 1338.40
869.00 1346.80
870.00 1337.80
871.00 1348.60
872.00 1352.20
873.00 1349.40
874.00 1352.00
875.00 1350.00
876.00 1352.80
877.00 1355.60
878.00 1357.20
879.00 1368.20
880.00 1377.60
881.00 1364.60
882.00 1372.40
883.00 1368.00
884.00 1365.60
885.00 1368.20
886.00 1364.60
887.00 1351.20
888.00 1360.20
889.00 1362.00
890.00 1342.20
891.00 1366.80
892.00 1363.00
893.00 1348.20
894.00 1343.80
895.00 1344.60
896.00 1358.80
897.00 1358.60
898.00 1353.00
899.00 1357.00
900.00 1356.20
901.00 1355.40
902.00 1350.20
903.00 1359.60
904.00 1364.60
905.00 1364.40
906.00 1366.00
907.00 1378.20
908.00 1358.00
909.00 1382.40
910.00 1386.00
911.00 1382.00
912.00 1392.00
913.00 1389.60
914.00 1382.60
915.00 1393.40
916.00 1377.00
917.00 1385.60
918.00 1397.60
919.00 1414.40
920.00 1406.20
921.00 1419.60
922.00 1427.80
923.00 1437.20
924.00 1424.60
925.00 1449.20
926.00 1444.00
927.00 1456.00
928.00 1478.00
929.00 1458.00
930.00 1471.60
931.00 1478.20
932.00 1476.40
933.00 1472.20
934.00 1464.00
935.00 1470.00
936.00 1460.80
937.00 1466.40
938.00 1488.40
939.00 1472.20
940.00 1481.40
941.00 1477.60
942.00 1475.00
943.00 1479.20
944.00 1461.40
945.00 1483.60
946.00 1461.40
947.00 1499.40
948.00 1480.00
949.00 1468.60
950.00 1488.00
951.00 1488.40
952.00 1507.80
953.00 1515.20
954.00 1511.40
955.00 1515.40
956.00 1534.80
957.00 1528.20
958.00 1513.20
959.00 1512.80
960.00 1522.20
961.00 1525.60
962.00 1500.80
963.00 1528.40
964.00 1508.20
965.00 1527.80
966.00 1527.20
967.00 1520.80
968.00 1517.00
969.00 1521.60
970.00 1527.00
971.00 1538.40
972.00 1531.60
973.00 1537.60
974.00 1531.20
975.00 1548.40
976.00 1535.40
977.00 1547.20
978.00 1544.60
979.00 1563.20
980.00 1563.00
981.00 1579.00
982.00 1548.80
983.00 1584.20
984.00 1554.20
985.00 1582.40
986.00 1580.40
987.00 1602.80
988.00 1591.20
989.00 1598.40
990.00 1602.40
991.00 1612.00
992.00 1620.00
993.00 1621.20
994.00 1613.80
995.00 1617.80
996.00 1632.20
997.00 1636.80
998.00 1624.80
999.00 1649.20
1000.00 1643.20
1001.00 1649.20
1002.00 1663.80
1003.00 1676.80
1004.00 1685.00
1005.00 1686.60
1006.00 1673.40
1007.00 1679.60
1008.00 1677.40
1009.00 1716.20
1010.00 1703.40
1011.00 1719.00
1012.00 1710.40
1013.00 1728.80
1014.00 1735.40
1015.00 1749.80
1016.00 1752.40
1017.00 1756.80
1018.00 1751.00
1019.00 1759.80
1020.00 1780.60
1021.00 1789.60
1022.00 1770.80
1023.00 1793.20
1024.00 1787.20
1025.00 1795.40
1026.00 1777.80
1027.00 1798.80
1028.00 1810.40
1029.00 1814.80
1030.00 1821.80
1031.00 1836.40
1032.00 1835.00
1033.00 1832.80
1034.00 1865.20
1035.00 1859.80
1036.00 1862.00
1037.00 1866.00
1038.00 1854.20
1039.00 1871.40
1040.00 1871.00
1041.00 1873.00
1042.00 1892.20
1043.00 1897.20
1044.00 1923.80
1045.00 1940.00
1046.00 1940.40
1047.00 1966.00
1048.00 1951.80
1049.00 1965.60
1050.00 1963.20
1051.00 1976.60
1052.00 1983.60
1053.00 1979.60
1054.00 1985.80
1055.00 2003.20
1056.00 2005.00
1057.00 1997.00
1058.00 2012.40
1059.00 1996.40
1060.00 2014.00
1061.00 2004.80
1062.00 1989.60
1063.00 2021.80
1064.00 2022.20
1065.00 2043.60
1066.00 2059.60
1067.00 2089.40
1068.00 2061.40
1069.00 2061.00
1070.00 2075.20
1071.00 2085.20
1072.00 2085.20
1073.00 2080.60
1074.00 2078.60
1075.00 2105.00
1076.00 2108.00
1077.00 2107.60
1078.00 2137.40
1079.00 2147.20
1080.00 2142.40
1081.00 2153.40
1082.00 2141.60
1083.00 2187.20
1084.00 2163.20
1085.00 2192.20
1086.00 2204.20
1087.00 2212.20
1088.00 2227.80
1089.00 2243.80
1090.00 2255.40
1091.00 2267.20
1092.00 2263.80
1093.00 2267.40
1094.00 2269.60
1095.00 2270.00
1096.00 2292.40
1097.00 2279.40
1098.00 2299.00
1099.00 2305.60
1100.00 2300.00
1101.00 2304.00
1102.00 2331.00
1103.00 2330.40
1104.00 2350.40
1105.00 2353.20
1106.00 2382.60
1107.00 2388.80
1108.00 2383.60
1109.00 2401.00
1110.00 2419.80
1111.00 2446.20
1112.00 2447.20
1113.00 2456.40
1114.00 2457.20
1115.00 2461.80
1116.00 2460.80
1117.00 2453.60
1118.00 2487.40
1119.00 2479.60
1120.00 2483.20
1121.00 2517.20
1122.00 2511.40
1123.00 2521.40
1124.00 2509.60
1125.00 2505.20
1126.00 2512.40
1127.00 2531.20
1128.00 2516.60
1129.00 2547.20
1130.00 2575.20
1131.00 2593.20
1132.00 2602.20
1133.00 2615.80
1134.00 2619.40
1135.00 2660.40
1136.00 2660.40
1137.00 2654.00
1138.00 2688.00
1139.00 2683.60
1140.00 2709.80
1141.00 2702.80
1142.00 2725.80
1143.00 2716.60
1144.00 2725.80
1145.00 2740.20
1146.00 2760.80
1147.00 2732.80
1148.00 2725.60
1149.00 2767.60
1150.00 2765.20
1151.00 2773.00
1152.00 2785.80
1153.00 2818.40
1154.00 2806.60
1155.00 2810.60
1156.00 2820.20
1157.00 2806.40
1158.00 2807.20
1159.00 2818.80
1160.00 2827.40
1161.00 2850.40
1162.00 2874.60
1163.00 2901.00
1164.00 2921.40
1165.00 2904.80
1166.00 2930.40
1167.00 2944.20
1168.00 2946.80
1169.00 2958.60
1170.00 2979.00
1171.00 2972.00
1172.00 2971.20
1173.00 3006.60
1174.00 3035.00
1175.00 3065.60
1176.00 3085.40
1177.00 3114.20
1178.00 3132.40
1179.00 3132.20
1180.00 3165.60
1181.00 3157.80
1182.00 3159.40
1183.00 3180.80
1184.00 3181.20
1185.00 3215.20
1186.00 3211.80
1187.00 3213.00
1188.00 3226.20
1189.00 3222.40
1190.00 3264.40
1191.00 3246.60
1192.00 3268.60
1193.00 3267.80
1194.00 3270.40
1195.00 3230.80
1196.00 3255.20
1197.00 3253.20
1198.00 3291.40
1199.00 3318.20
1200.00 3316.00
1201.00 3330.80
1202.00 3366.00
1203.00 3370.80
1204.00 3405.80
1205.00 3428.60
1206.00 3442.20
1207.00 3463.80
1208.00 3487.00
1209.00 3494.40
1210.00 3496.20
1211.00 3531.80
1212.00 3533.80
1213.00 3528.80
1214.00 3515.00
1215.00 3532.20
1216.00 3542.80
1217.00 3566.00
1218.00 3597.60
1219.00 3582.80
1220.00 3602.00
1221.00 3590.20
1222.00 3594.40
1223.00 3610.00
1224.00 3629.00
1225.00 3642.00
1226.00 3670.60
1227.00 3666.40
1228.00 3659.00
1229.00 3727.00
1230.00 3732.20
1231.00 3730.40
1232.00 3774.00
1233.00 3779.40
1234.00 3797.80
1235.00 3790.40
1236.00 3817.40
1237.00 3852.40
1238.00 3880.00
1239.00 3875.40
1240.00 3900.40
1241.00 3924.60
1242.00 3931.40
1243.00 3928.20
1244.00 3938.20
1245.00 3961.80
1246.00 3994.20
1247.00 4022.00
1248.00 4052.60
1249.00 4066.00
1250.00 4096.00
1251.00 4071.40
1252.00 4086.20
1253.00 4091.40
1254.00 4106.20
1255.00 4131.40
1256.00 4150.00
1257.00 4152.80
1258.00 4169.60
1259.00 4160.00
1260.00 4164.20
1261.00 4182.20
1262.00 4186.60
1263.00 4205.80
1264.00 4197.40
1265.00 4224.20
1266.00 4272.00
1267.00 4272.00
1268.00 4255.80
1269.00 4304.80
1270.00 4307.40
1271.00 4337.40
1272.00 4351.20
1273.00 4339.80
1274.00 4366.20
1275.00 4364.40
1276.00 4383.20
1277.00 4395.60
1278.00 4394.40
1279.00 4397.40
1280.00 4417.80
1281.00 4440.40
1282.00 4482.00
1283.00 4516.40
1284.00 4552.40
1285.00 4579.00
1286.00 4583.80
1287.00 4590.00
1288.00 4594.60
1289.00 4637.40
1290.00 4627.80
1291.00 4634.60
1292.00 4643.60
1293.00 4666.20
1294.00 4704.80
1295.00 4721.80
1296.00 4727.80
1297.00 4770.80
1298.00 4783.60
1299.00 4818.20
1300.00 4790.60
1301.00 4772.40
1302.00 4764.00
1303.00 4739.20
1304.00 4740.00
1305.00 4719.20
1306.00 4717.40
1307.00 4703.80
1308.00 4718.00
1309.00 4735.40
1310.00 4778.60
1311.00 4814.00
1312.00 4826.40
1313.00 4834.40
1314.00 4856.40
1315.00 4847.00
1316.00 4866.80
1317.00 4879.40
1318.00 4908.20
1319.00 4912.20
1320.00 4914.00
1321.00 4956.00
1322.00 4991.20
1323.00 5018.20
1324.00 5047.80
1325.00 5027.80
1326.00 5035.40
1327.00 5033.20
1328.00 5015.20
1329.00 5018.60
1330.00 5033.40
1331.00 5056.20
1332.00 5072.60
1333.00 5133.20
1334.00 5160.60
1335.00 5171.40
1336.00 5215.80
1337.00 5226.00
1338.00 5247.80
1339.00 5286.00
1340.00 5297.60
1341.00 5272.80
1342.00 5266.60
1343.00 5282.40
1344.00 5298.00
1345.00 5311.20
1346.00 5281.40
1347.00 5297.80
1348.00 5348.80
1349.00 5352.00
1350.00 5328.00
1351.00 5352.60
1352.00 5377.80
1353.00 5421.60
1354.00 5454.20
1355.00 5529.60
1356.00 5548.80
1357.00 5574.00
1358.00 5584.20
1359.00 5580.80
1360.00 5601.80
1361.00 5578.40
1362.00 5600.20
1363.00 5611.40
1364.00 5660.80
1365.00 5642.40
1366.00 5692.20
1367.00 5715.80
1368.00 5787.80
1369.00 5792.40
1370.00 5781.00
1371.00 5841.80
1372.00 5849.60
1373.00 5790.60
1374.00 5835.80
1375.00 5858.40
1376.00 5884.00
1377.00 5875.60
1378.00 5931.80
1379.00 5924.80
1380.00 5918.60
1381.00 5930.40
1382.00 5931.40
1383.00 5919.00
1384.00 5967.40
1385.00 5945.80
1386.00 5945.40
1387.00 5938.40
1388.00 5962.20
1389.00 5984.60
1390.00 6028.20
1391.00 6082.00
1392.00 6159.60
1393.00 6183.00
1394.00 6236.20
1395.00 6235.60
1396.00 6286.80
1397.00 6299.20
1398.00 6334.00
1399.00 6362.20
1400.00 6372.20
1401.00 6395.00
1402.00 6381.60
1403.00 6392.80
1404.00 6391.80
1405.00 6395.80
1406.00 6393.60
1407.00 6447.40
1408.00 6421.00
1409.00 6445.20
1410.00 6488.40
1411.00 6484.80
1412.00 6549.40
1413.00 6592.20
1414.00 6626.20
1415.00 6635.00
1416.00 6690.40
1417.00 6745.40
1418.00 6770.00
1419.00 6790.20
1420.00 6798.00
1421.00 6802.40
1422.00 6842.00
1423.00 6823.60
1424.00 6845.60
1425.00 6838.80
1426.00 6864.60
1427.00 6840.00
1428.00 6859.00
1429.00 6819.80
1430.00 6865.20
1431.00 6880.80
1432.00 6893.20
1433.00 6909.00
1434.00 6956.80
1435.00 6992.20
1436.00 7039.20
1437.00 7012.40
1438.00 7067.20
1439.00 7074.80
1440.00 7103.80
1441.00 7085.60
1442.00 7168.00
1443.00 7134.80
1444.00 7169.60
1445.00 7161.00
1446.00 7216.40
1447.00 7196.80
1448.00 7200.60
1449.00 7216.20
1450.00 7280.20
1451.00 7285.00
1452.00 7309.60
1453.00 7282.00
1454.00 7292.60
1455.00 7295.20
1456.00 7336.20
1457.00 7377.00
1458.00 7369.00
1459.00 7344.20
1460.00 7359.20
1461.00 7409.80
1462.00 7370.80
1463.00 7399.60
1464.00 7479.60
1465.00 7536.00
1466.00 7575.00
1467.00 7643.80
1468.00 7651.00
1469.00 7641.20
1470.00 7660.00
1471.00 7678.40
1472.00 7748.00
1473.00 7802.40
1474.00 7821.00
1475.00 7846.20
1476.00 7857.00
1477.00 7876.40
1478.00 7914.20
1479.00 7944.40
1480.00 7979.80
1481.00 7944.40
1482.00 7948.80
1483.00 7949.20
1484.00 7986.40
1485.00 7995.60
1486.00 7999.20
1487.00 7992.80
1488.00 7992.20
1489.00 7984.00
1490.00 7984.00
1491.00 8015.80
1492.00 8025.20
1493.00 8044.20
1494.00 8113.40
1495.00 8130.60
1496.00 8141.20
1497.00 8117.20
1498.00 8078.40
1499.00 8098.60
1500.00 8135.00
1501.00 8131.20
1502.00 8189.20
1503.00 8186.80
1504.00 8245.40
1505.00 8309.00
1506.00 8324.00
1507.00 8360.80
1508.00 8405.40
1509.00 8389.00
1510.00 8443.80
1511.00 8441.80
1512.00 8431.00
1513.00 8409.80
1514.00 8453.40
1515.00 8405.80
1516.00 8414.00
1517.00 8500.40
1518.00 8589.40
1519.00 8672.80
1520.00 8706.60
1521.00 8708.40
1522.00 8807.80
1523.00 8731.40
1524.00 8756.60
1525.00 8767.60
1526.00 8780.60
1527.00 8775.60
1528.00 8782.00
1529.00 8814.80
1530.00 8798.60
1531.00 8815.80
1532.00 8867.80
1533.00 8908.60
1534.00 8967.60
1535.00 8968.80
1536.00 9030.80
1537.00 9036.20
1538.00 9081.40
1539.00 9091.40
1540.00 9111.00
1541.00 9123.80
1542.00 9168.60
1543.00 9144.60
1544.00 9225.00
1545.00 9202.80
1546.00 9173.40
1547.00 9241.60
1548.00 9263.60
1549.00 9241.60
1550.00 9273.60
1551.00 9309.20
1552.00 9350.20
1553.00 9332.00
1554.00 9359.00
1555.00 9328.60
1556.00 9349.00
1557.00 9345.60
1558.00 9411.60
1559.00 9441.20
1560.00 9489.40
1561.00 9509.00
1562.00 9563.20
1563.00 9555.40
1564.00 9641.80
1565.00 9660.40
1566.00 9705.60
1567.00 9730.80
1568.00 9823.00
1569.00 9806.00
1570.00 9785.60
1571.00 9761.40
1572.00 9746.00
1573.00 9760.80
1574.00 9835.80
1575.00 9842.00
1576.00 9832.20
1577.00 9829.60
1578.00 9935.20
1579.00 9912.20
1580.00 9998.00
1581.00 10034.60
1582.00 10026.60
1583.00 10073.40
1584.00 10101.80
1585.00 10126.80
1586.00 10235.20
1587.00 10270.20
1588.00 10360.20
1589.00 10351.00
1590.00 10383.20
1591.00 10355.40
1592.00 10386.60
1593.00 10394.60
1594.00 10421.60
1595.00 10429.60
1596.00 10408.00
1597.00 10403.20
1598.00 10436.40
1599.00 10457.20
1600.00 10469.40
1601.00 10489.00
1602.00 10587.20
1603.00 10582.20
1604.00 10678.60
1605.00 10687.00
1606.00 10740.60
1607.00 10747.80
1608.00 10801.40
1609.00 10787.60
1610.00 10797.40
1611.00 10784.60
1612.00 10803.20
1613.00 10753.80
1614.00 10814.00
1615.00 10778.80
1616.00 10850.40
1617.00 10907.40
1618.00 10919.40
1619.00 10950.40
1620.00 11030.40
1621.00 10989.60
1622.00 11005.80
1623.00 10983.60
1624.00 11020.20
1625.00 10995.80
1626.00 11038.00
1627.00 11034.60
1628.00 11120.00
1629.00 11150.60
1630.00 11220.80
1631.00 11216.20
1632.00 11241.40
1633.00 11275.60
1634.00 11279.80
1635.00 11227.20
1636.00 11185.20
1637.00 11182.00
1638.00 11174.60
1639.00 11111.40
1640.00 11140.80
1641.00 11136.80
1642.00 11178.80
1643.00 11141.20
1644.00 11192.80
1645.00 11179.60
1646.00 11180.00
1647.00 11164.80
1648.00 11168.20
1649.00 11117.80
1650.00 11163.20
1651.00 11141.60
1652.00 11174.00
1653.00 11223.00
1654.00 11328.40
1655.00 11331.40
1656.00 11263.60
1657.00 11241.60
1658.00 11294.20
1659.00 11302.80
1660.00 11296.20
1661.00 11289.60
1662.00 11328.60
1663.00 11287.80
1664.00 11350.60
1665.00 11353.20
1666.00 11416.20
1667.00 11378.00
1668.00 11456.40
1669.00 11504.80
1670.00 11603.60
1671.00 11578.40
1672.00 11595.60
1673.00 11609.00
1674.00 11652.00
1675.00 11615.60
1676.00 11693.00
1677.00 11639.40
1678.00 11660.80
1679.00 11656.00
1680.00 11654.60
1681.00 11653.00
1682.00 11729.80
1683.00 11797.80
1684.00 11868.20
1685.00 11928.00
1686.00 11957.80
1687.00 11974.00
1688.00 12049.60
1689.00 12107.00
1690.00 12101.20
1691.00 12051.40
1692.00 12084.80
1693.00 12090.40
1694.00 12166.80
1695.00 12156.20
1696.00 12162.80
1697.00 12117.00
1698.00 12073.00
1699.00 11994.60
1700.00 11988.60
1701.00 11899.20
1702.00 11973.00
1703.00 11960.60
1704.00 11998.40
1705.00 11995.80
1706.00 12007.40
1707.00 11990.60
1708.00 11955.20
1709.00 11939.80
1710.00 11963.60
1711.00 11960.20
1712.00 11988.80
1713.00 11964.40
1714.00 12021.80
1715.00 11940.80
1716.00 11970.00
1717.00 11952.20
1718.00 11963.40
1719.00 12002.00
1720.00 12006.00
1721.00 12032.60
1722.00 12096.00
1723.00 12073.60
1724.00 12152.20
1725.00 12170.20
1726.00 12216.20
1727.00 12126.60
1728.00 12192.60
1729.00 12190.20
1730.00 12272.80
1731.00 12280.60
1732.00 12357.60
1733.00 12342.80
1734.00 12322.00
1735.00 12279.40
1736.00 12285.40
1737.00 12238.80
1738.00 12229.00
1739.00 12196.20
1740.00 12208.40
1741.00 12214.40
1742.00 12232.80
1743.00 12341.60
1744.00 12367.00
1745.00 12425.80
1746.00 12516.80
1747.00 12538.20
1748.00 12514.60
1749.00 12457.80
1750.00 12478.20
1751.00 12458.20
1752.00 12477.20
1753.00 12556.60
1754.00 12598.00
1755.00 12634.80
1756.00 12661.20
1757.00 12682.80
1758.00 12689.80
1759.00 12605.20
1760.00 12616.40
1761.00 12624.40
1762.00 12624.80
1763.00 12587.60
1764.00 12596.60
1765.00 12585.80
1766.00 12594.20
1767.00 12662.40
1768.00 12745.40
1769.00 12811.20
1770.00 12807.60
1771.00 12851.00
1772.00 12866.60
1773.00 12847.20
1774.00 12903.20
1775.00 12960.20
1776.00 12976.80
1777.00 13020.00
1778.00 13083.40
1779.00 13111.60
1780.00 13186.00
1781.00 13210.20
1782.00 13265.00
1783.00 13258.00
1784.00 13199.00
1785.00 13177.60
1786.00 13116.60
1787.00 13098.00
1788.00 13108.20
1789.00 13087.40
1790.00 13174.40
1791.00 13175.40
1792.00 13223.80
1793.00 13206.60
1794.00 13219.80
1795.00 13194.40
1796.00 13177.40
1797.00 13175.80
1798.00 13282.80
1799.00 13295.40
1800.00 13380.40
1801.00 13409.80
1802.00 13478.40
1803.00 13498.40
1804.00 13530.00
1805.00 13555.80
1806.00 13636.60
1807.00 13635.60
1808.00 13652.00
1809.00 13641.20
1810.00 13740.80
1811.00 13720.20
1812.00 13744.40
1813.00 13696.60
1814.00 13735.20
1815.00 13730.80
1816.00 13768.40
1817.00 13777.40
1818.00 13825.40
1819.00 13879.80
1820.00 13901.80
1821.00 13846.00
1822.00 13795.80
1823.00 13725.40
1824.00 13714.20
1825.00 13649.60
1826.00 13612.80
1827.00 13559.00
1828.00 13614.20
1829.00 13608.20
1830.00 13645.40
1831.00 13713.20
1832.00 13787.20
1833.00 13794.60
1834.00 13837.20
1835.00 13871.00
1836.00 13943.00
1837.00 13967.20
1838.00 14024.80
1839.00 14054.40
1840.00 14107.00
1841.00 14125.80
1842.00 14102.00
1843.00 14114.80
1844.00 14149.80
1845.00 14176.00
1846.00 14205.40
1847.00 14265.40
1848.00 14261.60
1849.00 14307.00
1850.00 14315.60
1851.00 14232.00
1852.00 14250.00
1853.00 14208.60
1854.00 14200.40
1855.00 14215.60
1856.00 14216.20
1857.00 14236.80
1858.00 14272.20
1859.00 14309.00
1860.00 14327.60
1861.00 14283.40
1862.00 14338.60
1863.00 14406.20
1864.00 14429.20
1865.00 14414.40
1866.00 14428.00
1867.00 14383.80
1868.00 14416.20
1869.00 14464.00
1870.00 14510.40
1871.00 14519.20
1872.00 14505.20
1873.00 14435.40
1874.00 14363.40
1875.00 14340.80
1876.00 14354.60
1877.00 14292.40
1878.00 14323.80
1879.00 14344.20
1880.00 14379.00
1881.00 14351.00
1882.00 14369.60
1883.00 14353.60
1884.00 14391.00
1885.00 14376.40
1886.00 14437.20
1887.00 14420.60
1888.00 14453.20
1889.00 14448.80
1890.00 14518.40
1891.00 14497.00
1892.00 14520.20
1893.00 14493.60
1894.00 14462.20
1895.00 14390.00
1896.00 14392.60
1897.00 14332.60
1898.00 14348.20
1899.00 14351.20
1900.00 14342.60
1901.00 14244.40
1902.00 14263.20
1903.00 14219.40
1904.00 14153.20
1905.00 14075.20
1906.00 14006.00
1907.00 13930.40
1908.00 13853.60
1909.00 13731.20
1910.00 13628.80
1911.00 13582.00
1912.00 13483.40
1913.00 13391.40
1914.00 13361.60
1915.00 13288.80
1916.00 13255.40
1917.00 13185.20
1918.00 13179.40
1919.00 13161.40
1920.00 13142.60
1921.00 13071.80
1922.00 12980.00
1923.00 12907.40
1924.00 12797.20
1925.00 12694.00
1926.00 12576.80
1927.00 12422.20
1928.00 12383.40
1929.00 12319.80
1930.00 12320.80
1931.00 12245.60
1932.00 12283.00
1933.00 12284.40
1934.00 12335.40
1935.00 12433.60
1936.00 12499.80
1937.00 12514.60
1938.00 12675.60
1939.00 12856.20
1940.00 13010.80
1941.00 13230.60
1942.00 13476.00
1943.00 13754.40
1944.00 13968.40
1945.00 14154.40
1946.00 14277.40
1947.00 14365.20
1948.00 14408.00
1949.00 14428.40
1950.00 14486.80
1951.00 14519.60
1952.00 14501.60
1953.00 14410.00
1954.00 14386.20
1955.00 14317.40
1956.00 14265.40
1957.00 14268.40
1958.00 14186.20
1959.00 14169.40
1960.00 14248.60
1961.00 14261.00
1962.00 14356.60
1963.00 14411.60
1964.00 14469.40
1965.00 14552.40
1966.00 14560.00
1967.00 14538.40
1968.00 14560.20
1969.00 14526.80
1970.00 14521.80
1971.00 14469.20
1972.00 14541.60
1973.00 14547.20
1974.00 14588.60
1975.00 14654.20
1976.00 14742.00
1977.00 14750.80
1978.00 14732.40
1979.00 14688.60
1980.00 14719.20
1981.00 14754.60
1982.00 14755.20
1983.00 14786.80
1984.00 14765.60
1985.00 14753.00
1986.00 14838.40
1987.00 14818.60
1988.00 14860.40
1989.00 14888.40
1990.00 14967.00
1991.00 14941.00
1992.00 14918.20
1993.00 14839.20
1994.00 14789.80
1995.00 14734.80
1996.00 14785.40
1997.00 14819.60
1998.00 14819.40
1999.00 14825.40
2000.00 14843.40
2001.00 14841.00
2002.00 14854.20
2003.00 14820.20
2004.00 14829.80
2005.00 14821.00
2006.00 14859.60
2007.00 14869.40
2008.00 14887.60
2009.00 14893.00
2010.00 14950.60
2011.00 14935.20
2012.00 14953.80
2013.00 14935.20
2014.00 14852.40
2015.00 14904.60
2016.00 14955.00
2017.00 14974.20
2018.00 14992.60
2019.00 15039.20
2020.00 15116.20
2021.00 15167.80
2022.00 15178.80
2023.00 15148.60
2024.00 15128.80
2025.00 15139.20
2026.00 15129.60
2027.00 15096.00
2028.00 15099.60
2029.00 15068.40
2030.00 15050.20
2031.00 14998.80
2032.00 14975.60
2033.00 14984.60
2034.00 15069.40
2035.00 15056.80
2036.00 15099.60
2037.00 15041.60
2038.00 15093.60
2039.00 15159.80
2040.00 15119.40
2041.00 15099.40
2042.00 15057.60
2043.00 15083.00
2044.00 15047.00
2045.00 15113.20
2046.00 15145.20
2047.00 15115.20
2048.00 15113.60
2049.00 15093.80
2050.00 15091.00
2051.00 15093.00
2052.00 15072.00
2053.00 15092.60
2054.00 15120.00
2055.00 15181.80
2056.00 15179.00
2057.00 15162.00
2058.00 15188.60
2059.00 15112.80
2060.00 15115.60
2061.00 15082.20
2062.00 15102.60
2063.00 15074.60
2064.00 15049.00
2065.00 15096.20
2066.00 15129.60
2067.00 15054.60
2068.00 15030.40
2069.00 14996.60
2070.00 15005.00
2071.00 15011.40
2072.00 14951.60
2073.00 14909.60
2074.00 14862.80
2075.00 14902.00
2076.00 14954.80
2077.00 15006.60
2078.00 15024.60
2079.00 14991.60
2080.00 14994.80
2081.00 14939.80
2082.00 15022.40
2083.00 15053.80
2084.00 15086.20
2085.00 15083.80
2086.00 15115.20
2087.00 15097.20
2088.00 15113.20
2089.00 15095.80
2090.00 15042.80
2091.00 14973.40
2092.00 14995.40
2093.00 14949.80
2094.00 14912.80
2095.00 14901.80
2096.00 14820.00
2097.00 14812.80
2098.00 14816.40
2099.00 14812.20
2100.00 14784.20
2101.00 14846.40
2102.00 14871.60
2103.00 14862.20
2104.00 14845.40
2105.00 14771.80
2106.00 14736.20
2107.00 14675.40
2108.00 14676.00
2109.00 14594.00
2110.00 14627.20
2111.00 14664.40
2112.00 14662.00
2113.00 14653.00
2114.00 14662.40
2115.00 14612.20
2116.00 14683.00
2117.00 14690.40
2118.00 14702.40
2119.00 14698.80
2120.00 14691.60
2121.00 14701.60
2122.00 14703.40
2123.00 14700.80
2124.00 14773.80
2125.00 14743.60
2126.00 14766.20
2127.00 14717.80
2128.00 14763.00
2129.00 14777.40
2130.00 14764.80
2131.00 14732.40
2132.00 14771.40
2133.00 14762.40
2134.00 14743.60
2135.00 14683.20
2136.00 14642.20
2137.00 14598.40
2138.00 14551.00
2139.00 14502.40
2140.00 14586.40
2141.00 14609.80
2142.00 14668.60
2143.00 14656.80
2144.00 14662.60
2145.00 14567.20
2146.00 14502.80
2147.00 14478.80
2148.00 14480.60
2149.00 14474.40
2150.00 14463.20
2151.00 14430.60
2152.00 14454.20
2153.00 14395.20
2154.00 14424.20
2155.00 14366.60
2156.00 14380.00
2157.00 14375.20
2158.00 14419.00
2159.00 14371.40
2160.00 14386.60
2161.00 14354.00
2162.00 14405.20
2163.00 14417.20
2164.00 14392.20
2165.00 14387.60
2166.00 14343.60
2167.00 14302.00
2168.00 14317.20
2169.00 14295.20
2170.00 14314.80
2171.00 14334.80
2172.00 14373.20
2173.00 14323.00
2174.00 14347.60
2175.00 14354.60
2176.00 14342.00
2177.00 14299.40
2178.00 14288.00
2179.00 14245.40
2180.00 14190.80
2181.00 14180.80
2182.00 14186.80
2183.00 14169.20
2184.00 14139.40
2185.00 14152.80
2186.00 14090.00
2187.00 14107.80
2188.00 14129.20
2189.00 14128.60
2190.00 14143.40
2191.00 14104.60
2192.00 14060.80
2193.00 13990.00
2194.00 13966.00
2195.00 13935.20
2196.00 13871.20
2197.00 13860.80
2198.00 13827.60
2199.00 13790.80
2200.00 13890.00
2201.00 13901.00
2202.00 13894.40
2203.00 13923.80
2204.00 13951.40
2205.00 13844.80
2206.00 13838.20
2207.00 13768.00
2208.00 13794.60
2209.00 13739.40
2210.00 13718.80
2211.00 13676.60
2212.00 13677.20
2213.00 13666.40
2214.00 13642.80
2215.00 13603.20
2216.00 13632.40
2217.00 13610.60
2218.00 13613.20
2219.00 13578.20
2220.00 13590.40
2221.00 13629.20
2222.00 13633.00
2223.00 13618.20
2224.00 13566.80
2225.00 13460.20
2226.00 13450.00
2227.00 13418.00
2228.00 13454.00
2229.00 13392.60
2230.00 13354.20
2231.00 13340.60
2232.00 13310.20
2233.00 13308.40
2234.00 13297.80
2235.00 13258.20
2236.00 13275.60
2237.00 13236.20
2238.00 13153.00
2239.00 13154.20
2240.00 13089.00
2241.00 13012.00
2242.00 12962.00
2243.00 13005.00
2244.00 13053.20
2245.00 13120.80
2246.00 13064.60
2247.00 12990.00
2248.00 12925.00
2249.00 12883.80
2250.00 12853.20
2251.00 12873.00
2252.00 12887.60
2253.00 12814.20
2254.00 12798.60
2255.00 12735.80
2256.00 12716.00
2257.00 12684.00
2258.00 12732.60
2259.00 12776.40
2260.00 12713.60
2261.00 12762.40
2262.00 12774.60
2263.00 12732.60
2264.00 12683.00
2265.00 12670.20
2266.00 12601.40
2267.00 12623.60
2268.00 12641.00
2269.00 12624.40
2270.00 12599.20
2271.00 12547.20
2272.00 12504.20
2273.00 12424.00
2274.00 12472.80
2275.00 12490.80
2276.00 12490.80
2277.00 12473.40
2278.00 12408.00
2279.00 12385.20
2280.00 12408.40
2281.00 12397.00
2282.00 12377.60
2283.00 12362.80
2284.00 12372.00
2285.00 12357.60
2286.00 12383.60
2287.00 12377.40
2288.00 12326.20
2289.00 12268.00
2290.00 12250.60
2291.00 12229.80
2292.00 12221.40
2293.00 12246.00
2294.00 12199.40
2295.00 12172.80
2296.00 12179.40
2297.00 12167.60
2298.00 12143.20
2299.00 12181.00
2300.00 12139.40
2301.00 12165.40
2302.00 12158.20
2303.00 12155.00
2304.00 12136.60
2305.00 12070.80
2306.00 12051.20
2307.00 11993.40
2308.00 12027.20
2309.00 12012.20
2310.00 12040.40
2311.00 12023.00
2312.00 12011.80
2313.00 12018.00
2314.00 12035.00
2315.00 11961.80
2316.00 11892.60
2317.00 11804.60
2318.00 11811.80
2319.00 11760.00
2320.00 11833.20
2321.00 11830.80
2322.00 11793.60
2323.00 11746.60
2324.00 11727.80
2325.00 11695.80
2326.00 11690.00
2327.00 11720.20
2328.00 11739.00
2329.00 11692.20
2330.00 11623.20
2331.00 11476.20
2332.00 11457.40
2333.00 11403.40
2334.00 11432.60
2335.00 11508.80
2336.00 11481.60
2337.00 11451.60
2338.00 11442.80
2339.00 11418.20
2340.00 11352.60
2341.00 11315.80
2342.00 11236.20
2343.00 11254.80
2344.00 11206.40
2345.00 11210.60
2346.00 11118.20
2347.00 11107.60
2348.00 11066.80
2349.00 10980.60
2350.00 10877.60
2351.00 10799.80
2352.00 10746.80
2353.00 10687.40
2354.00 10670.00
2355.00 10668.20
2356.00 10665.40
2357.00 10639.00
2358.00 10618.80
2359.00 10640.00
2360.00 10604.60
2361.00 10561.60
2362.00 10516.80
2363.00 10465.80
2364.00 10470.20
2365.00 10439.00
2366.00 10477.20
2367.00 10440.00
2368.00 10429.60
2369.00 10332.20
2370.00 10318.80
2371.00 10218.60
2372.00 10164.00
2373.00 10096.00
2374.00 10033.80
2375.00 10019.80
2376.00 9939.80
2377.00 9945.80
2378.00 9877.80
2379.00 9820.00
2380.00 9789.80
2381.00 9768.80
2382.00 9721.60
2383.00 9632.80
2384.00 9607.60
2385.00 9629.40
2386.00 9619.60
2387.00 9630.80
2388.00 9575.60
2389.00 9542.40
2390.00 9534.20
2391.00 9484.20
2392.00 9460.60
2393.00 9426.00
2394.00 9336.60
2395.00 9233.80
2396.00 9179.00
2397.00 9197.60
2398.00 9206.40
2399.00 9229.00
2400.00 9209.80
2401.00 9159.00
2402.00 9175.40
2403.00 9188.00
2404.00 9191.40
2405.00 9167.00
2406.00 9060.20
2407.00 9051.00
2408.00 8986.20
2409.00 8950.20
2410.00 8918.20
2411.00 8907.60
2412.00 8900.20
2413.00 8843.40
2414.00 8813.60
2415.00 8761.60
2416.00 8751.60
2417.00 8669.40
2418.00 8674.60
2419.00 8654.00
2420.00 8679.40
2421.00 8608.20
2422.00 8593.20
2423.00 8594.80
2424.00 8527.00
2425.00 8508.40
2426.00 8517.40
2427.00 8452.80
2428.00 8466.80
2429.00 8438.00
2430.00 8413.00
2431.00 8414.00
2432.00 8371.60
2433.00 8346.60
2434.00 8309.80
2435.00 8260.00
2436.00 8230.00
2437.00 8219.80
2438.00 8147.40
2439.00 8121.40
2440.00 8103.20
2441.00 8072.60
2442.00 8042.40
2443.00 7999.20
2444.00 8022.00
2445.00 7985.40
2446.00 7963.60
2447.00 7900.20
2448.00 7888.40
2449.00 7859.00
2450.00 7820.40
2451.00 7782.60
2452.00 7754.60
2453.00 7755.60
2454.00 7702.60
2455.00 7663.60
2456.00 7589.20
2457.00 7546.20
2458.00 7503.40
2459.00 7446.40
2460.00 7424.60
2461.00 7387.40
2462.00 7357.20
2463.00 7342.40
2464.00 7296.20
2465.00 7267.00
2466.00 7208.80
2467.00 7132.40
2468.00 7085.80
2469.00 7088.60
2470.00 7038.20
2471.00 7002.40
2472.00 6970.80
2473.00 6941.60
2474.00 6849.80
2475.00 6819.20
2476.00 6806.00
2477.00 6732.60
2478.00 6681.00
2479.00 6708.20
2480.00 6637.00
2481.00 6583.00
2482.00 6540.40
2483.00 6478.20
2484.00 6448.80
2485.00 6420.40
2486.00 6347.60
2487.00 6305.80
2488.00 6261.80
2489.00 6215.60
2490.00 6228.00
2491.00 6182.40
2492.00 6103.80
2493.00 6031.20
2494.00 6012.00
2495.00 5955.60
2496.00 5934.80
2497.00 5924.00
2498.00 5890.00
2499.00 5876.60
2500.00 5825.00
2501.00 5769.60
2502.00 5748.40
2503.00 5705.80
2504.00 5677.00
2505.00 5629.00
2506.00 5576.40
2507.00 5553.80
2508.00 5498.40
2509.00 5445.40
2510.00 5441.20
2511.00 5378.80
2512.00 5326.80
2513.00 5326.00
2514.00 5304.60
2515.00 5298.00
2516.00 5260.80
2517.00 5197.20
2518.00 5159.80
2519.00 5166.40
2520.00 5112.00
2521.00 5107.80
2522.00 5051.60
2523.00 4985.80
2524.00 4971.00
2525.00 4944.80
2526.00 4931.00
2527.00 4893.40
2528.00 4874.80
2529.00 4837.60
2530.00 4798.00
2531.00 4749.60
2532.00 4683.80
2533.00 4686.20
2534.00 4664.40
2535.00 4617.40
2536.00 4626.60
2537.00 4587.80
2538.00 4564.00
2539.00 4506.00
2540.00 4469.80
2541.00 4435.80
2542.00 4398.20
2543.00 4364.80
2544.00 4313.40
2545.00 4289.60
2546.00 4255.60
2547.00 4212.80
2548.00 4169.80
2549.00 4129.40
2550.00 4066.80
2551.00 4085.20
2552.00 4036.60
2553.00 4022.80
2554.00 4000.40
2555.00 3993.60
2556.00 3902.00
2557.00 3869.40
2558.00 3847.60
2559.00 3815.20
2560.00 3770.40
2561.00 3755.80
2562.00 3730.80
2563.00 3715.80
2564.00 3670.40
2565.00 3640.60
2566.00 3615.40
2567.00 3573.40
2568.00 3504.20
2569.00 3492.60
2570.00 3457.40
2571.00 3425.60
2572.00 3420.20
2573.00 3388.80
2574.00 3350.00
2575.00 3295.40
2576.00 3277.60
2577.00 3229.80
2578.00 3245.20
2579.00 3191.00
2580.00 3120.80
2581.00 3106.00
2582.00 3071.00
2583.00 3047.80
2584.00 3032.00
2585.00 3001.20
2586.00 2964.00
2587.00 2935.20
2588.00 2906.40
2589.00 2890.60
2590.00 2844.00
2591.00 2816.40
2592.00 2770.00
2593.00 2759.80
2594.00 2737.20
2595.00 2703.00
2596.00 2667.80
2597.00 2653.00
2598.00 2624.00
2599.00 2606.40
2600.00 2553.00
2601.00 2559.20
2602.00 2537.00
2603.00 2484.40
2604.00 2459.20
2605.00 2468.20
2606.00 2412.20
2607.00 2401.40
2608.00 2348.80
2609.00 2320.60
2610.00 2288.80
2611.00 2285.20
2612.00 2264.40
2613.00 2243.20
2614.00 2229.80
2615.00 2226.80
2616.00 2177.80
2617.00 2169.60
2618.00 2135.40
2619.00 2117.60
2620.00 2081.20
2621.00 2085.20
2622.00 2050.60
2623.00 2025.80
2624.00 1997.80
2625.00 1979.00
2626.00 1939.40
2627.00 1951.40
2628.00 1925.60
2629.00 1911.20
2630.00 1888.20
2631.00 1879.20
2632.00 1843.20
2633.00 1841.20
2634.00 1806.80
2635.00 1801.80
2636.00 1774.20
2637.00 1764.00
2638.00 1727.20
2639.00 1727.00
2640.00 1705.60
2641.00 1699.00
2642.00 1674.20
2643.00 1660.60
2644.00 1630.60
2645.00 1630.20
2646.00 1615.60
2647.00 1582.40
2648.00 1569.60
2649.00 1564.20
2650.00 1545.20
2651.00 1539.60
2652.00 1500.60
2653.00 1497.40
2654.00 1477.20
2655.00 1458.80
2656.00 1435.40
2657.00 1432.00
2658.00 1402.40
2659.00 1407.60
2660.00 1365.40
2661.00 1360.40
2662.00 1328.20
2663.00 1347.00
2664.00 1329.40
2665.00 1297.80
2666.00 1284.20
2667.00 1284.80
2668.00 1268.80
2669.00 1259.80
2670.00 1233.20
2671.00 1237.00
2672.00 1198.40
2673.00 1205.60
2674.00 1177.40
2675.00 1171.60
2676.00 1146.00
2677.00 1143.20
2678.00 1128.60
2679.00 1117.80
2680.00 1088.80
2681.00 1099.80
2682.00 1069.40
2683.00 1074.40
2684.00 1041.20
2685.00 1057.40
2686.00 1023.40
2687.00 1043.00
2688.00 1001.80
2689.00 995.40
2690.00 997.00
2691.00 977.20
2692.00 953.20
2693.00 957.60
2694.00 934.00
2695.00 935.00
2696.00 925.40
2697.00 934.20
2698.00 901.20
2699.00 896.60
2700.00 879.40
2701.00 889.80
2702.00 868.80
2703.00 863.20
2704.00 850.00
2705.00 859.40
2706.00 833.00
2707.00 840.00
2708.00 822.60
2709.00 819.80
2710.00 813.80
2711.00 813.20
2712.00 797.60
2713.00 806.20
2714.00 782.40
2715.00 779.60
2716.00 779.40
2717.00 762.80
2718.00 759.60
2719.00 749.20
2720.00 741.60
2721.00 745.20
2722.00 749.80
2723.00 740.20
2724.00 730.00
2725.00 722.60
2726.00 709.40
2727.00 712.00
2728.00 711.00
2729.00 705.40
2730.00 702.20
2731.00 702.80
2732.00 680.20
2733.00 690.60
2734.00 675.80
2735.00 680.80
2736.00 674.20
2737.00 669.20
2738.00 656.60
2739.00 659.40
2740.00 657.00
2741.00 663.60
2742.00 653.80
2743.00 644.60
2744.00 643.60
2745.00 651.40
2746.00 646.40
2747.00 643.80
2748.00 640.80
2749.00 631.40
2750.00 625.80
2751.00 621.40
2752.00 628.80
2753.00 613.80
2754.00 617.60
2755.00 623.00
2756.00 617.00
2757.00 617.40
2758.00 608.60
2759.00 621.80
2760.00 614.60
2761.00 606.20
2762.00 607.80
2763.00 606.20
2764.00 608.40
2765.00 599.00
2766.00 601.80
2767.00 611.00
2768.00 603.80
2769.00 595.40
2770.00 587.60
2771.00 602.80
2772.00 590.00
2773.00 597.40
2774.00 592.20
2775.00 594.60
2776.00 595.00
2777.00 586.00
2778.00 581.40
2779.00 580.20
2780.00 585.40
2781.00 579.00
2782.00 580.00
2783.00 572.80
2784.00 580.40
2785.00 579.20
2786.00 575.40
2787.00 573.20
2788.00 575.80
2789.00 581.80
2790.00 580.00
2791.00 583.60
2792.00 572.60
2793.00 574.20
2794.00 563.80
2795.00 569.20
2796.00 571.20
2797.00 569.00
2798.00 571.00
2799.00 577.00
2800.00 561.60
2801.00 566.40
2802.00 560.60
2803.00 560.80
2804.00 556.40
2805.00 565.00
2806.00 562.20
2807.00 559.80
2808.00 558.40
2809.00 563.20
2810.00 565.40
2811.00 563.20
2812.00 560.80
2813.00 555.60
2814.00 560.80
2815.00 559.80
2816.00 554.60
2817.00 559.20
2818.00 558.60
2819.00 558.00
2820.00 558.80
2821.00 557.40
2822.00 558.20
2823.00 564.40
2824.00 546.40
2825.00 562.80
2826.00 559.80
2827.00 560.40
2828.00 558.40
2829.00 566.80
2830.00 564.80
2831.00 562.60
2832.00 553.00
2833.00 557.40
2834.00 553.00
2835.00 558.00
2836.00 561.60
2837.00 568.20
2838.00 556.40
2839.00 555.80
2840.00 549.40
2841.00 561.40
2842.00 557.00
2843.00 559.20
2844.00 551.80
2845.00 554.40
2846.00 558.20
2847.00 560.80
2848.00 552.20
2849.00 552.60
2850.00 564.20
2851.00 557.00
2852.00 550.40
2853.00 553.00
2854.00 550.20
2855.00 555.60
2856.00 554.00
2857.00 551.40
2858.00 548.60
2859.00 559.80
2860.00 561.60
2861.00 555.20
2862.00 555.20
2863.00 563.40
2864.00 555.80
2865.00 560.60
2866.00 546.80
2867.00 558.00
2868.00 556.40
2869.00 550.00
2870.00 561.40
2871.00 547.80
2872.00 555.60
2873.00 553.20
2874.00 550.80
2875.00 556.80
2876.00 549.80
2877.00 550.40
2878.00 563.40
2879.00 553.20
2880.00 547.40
2881.00 548.20
2882.00 538.40
2883.00 549.80
2884.00 552.80
2885.00 552.80
2886.00 553.60
2887.00 552.60
2888.00 552.80
2889.00 549.00
2890.00 557.00
2891.00 552.80
2892.00 552.60
2893.00 551.20
2894.00 544.20
2895.00 553.40
2896.00 562.00
2897.00 548.80
2898.00 555.60
2899.00 558.00
2900.00 550.80
2901.00 543.80
2902.00 558.80
2903.00 553.20
2904.00 548.00
2905.00 552.60
2906.00 551.60
2907.00 560.00
2908.00 551.60
2909.00 547.60
2910.00 559.60
2911.00 557.00
2912.00 550.60
2913.00 554.00
2914.00 550.20
2915.00 559.20
2916.00 548.40
2917.00 554.60
2918.00 551.20
2919.00 549.40
2920.00 548.40
2921.00 548.40
2922.00 553.20
2923.00 560.20
2924.00 551.80
2925.00 549.60
2926.00 559.00
2927.00 558.00
2928.00 555.40
2929.00 553.80
2930.00 543.00
2931.00 548.80
2932.00 559.20
2933.00 552.00
2934.00 555.40
2935.00 549.80
2936.00 554.20
2937.00 560.00
2938.00 552.00
2939.00 554.60
2940.00 556.80
2941.00 550.80
2942.00 549.60
2943.00 556.40
2944.00 548.40
2945.00 552.20
2946.00 550.20
2947.00 552.60
2948.00 550.80
2949.00 552.80
2950.00 556.00
2951.00 553.20
2952.00 547.60
2953.00 547.40
2954.00 556.20
2955.00 556.80
2956.00 550.00
2957.00 547.80
2958.00 556.00
2959.00 554.80
2960.00 548.60
2961.00 549.00
2962.00 548.60
2963.00 559.20
2964.00 549.80
2965.00 551.40
2966.00 551.60
2967.00 555.40
2968.00 551.60
2969.00 551.60
2970.00 550.40
2971.00 568.60
2972.00 556.60
2973.00 549.80
2974.00 546.40
2975.00 559.20
2976.00 555.40
2977.00 556.20
2978.00 559.00
2979.00 551.80
2980.00 551.20
2981.00 557.00
2982.00 552.20
2983.00 557.80
2984.00 560.60
2985.00 548.20
2986.00 551.00
2987.00 554.60
2988.00 543.60
2989.00 547.20
2990.00 559.60
2991.00 553.80
2992.00 550.00
2993.00 550.80
2994.00 544.20
2995.00 552.20
2996.00 555.80
2997.00 559.20
2998.00 544.20
2999.00 549.00
3000.00 557.60
3001.00 555.20
3002.00 557.60
3003.00 550.80
3004.00 556.20
3005.00 546.80
3006.00 550.80
3007.00 553.80
3008.00 546.20
3009.00 553.40
3010.00 558.80
3011.00 559.00
3012.00 548.20
3013.00 557.40
3014.00 568.00
3015.00 564.80
3016.00 551.80
3017.00 557.80
3018.00 550.60
3019.00 547.40
3020.00 552.40
3021.00 550.60
3022.00 546.20
3023.00 552.00
3024.00 547.40
3025.00 544.40
3026.00 549.60
3027.00 552.40
3028.00 547.20
3029.00 556.00
3030.00 546.20
3031.00 549.40
3032.00 553.00
3033.00 547.00
3034.00 547.80
3035.00 549.60
3036.00 556.60
3037.00 559.60
3038.00 557.20
3039.00 559.00
3040.00 550.40
3041.00 549.80
3042.00 552.00
3043.00 560.80
3044.00 550.00
3045.00 554.40
3046.00 551.20
3047.00 556.00
3048.00 548.40
3049.00 552.80
3050.00 553.40
3051.00 553.40
3052.00 554.20
3053.00 552.60
3054.00 554.60
3055.00 551.60
3056.00 546.20
3057.00 556.60
3058.00 558.00
3059.00 559.00
3060.00 549.20
3061.00 551.20
3062.00 549.60
3063.00 551.20
3064.00 557.40
3065.00 552.40
3066.00 557.00
3067.00 556.00
3068.00 549.60
3069.00 552.00
3070.00 552.00
3071.00 554.20
3072.00 545.20
3073.00 547.00
3074.00 559.40
3075.00 563.20
3076.00 549.40
3077.00 549.80
3078.00 550.60
3079.00 552.60
3080.00 549.80
3081.00 551.40
3082.00 552.00
3083.00 550.00
3084.00 550.40
3085.00 556.00
3086.00 550.40
3087.00 558.80
3088.00 546.60
3089.00 549.80
3090.00 546.20
3091.00 556.80
3092.00 553.40
3093.00 543.80
3094.00 554.60
3095.00 553.00
3096.00 560.40
3097.00 556.80
3098.00 551.20
3099.00 552.00
3100.00 547.60
3101.00 547.80
3102.00 545.80
3103.00 551.60
3104.00 557.40
3105.00 551.20
3106.00 551.80
3107.00 554.60
3108.00 542.80
3109.00 554.20
3110.00 561.40
3111.00 549.40
3112.00 549.80
3113.00 556.00
3114.00 548.60
3115.00 554.40
3116.00 552.40
3117.00 555.40
3118.00 558.60
3119.00 550.40
3120.00 562.20
3121.00 551.20
3122.00 552.60
3123.00 550.00
3124.00 555.00
3125.00 558.00
3126.00 544.60
3127.00 547.00
3128.00 552.80
3129.00 551.60
3130.00 557.00
3131.00 547.00
3132.00 549.00
3133.00 556.00
3134.00 556.20
3135.00 551.80
3136.00 552.80
3137.00 556.40
3138.00 550.20
3139.00 562.40
3140.00 551.40
3141.00 551.20
3142.00 554.00
3143.00 554.20
3144.00 546.80
3145.00 550.00
3146.00 548.00
3147.00 552.60
3148.00 553.60
3149.00 557.20
3150.00 554.20
3151.00 555.60
3152.00 553.40
3153.00 557.80
3154.00 563.40
3155.00 559.00
3156.00 552.60
3157.00 549.40
3158.00 549.80
3159.00 551.40
3160.00 553.80
3161.00 552.80
3162.00 554.80
3163.00 557.00
3164.00 550.20
3165.00 542.00
3166.00 549.40
3167.00 543.60
3168.00 549.40
3169.00 554.20
3170.00 554.00
3171.00 547.60
3172.00 553.20
3173.00 551.80
3174.00 556.60
3175.00 556.60
3176.00 558.20
3177.00 545.00
3178.00 554.00
3179.00 557.80
3180.00 555.20
3181.00 552.60
3182.00 546.20
3183.00 550.80
3184.00 557.20
3185.00 552.60
3186.00 547.20
3187.00 547.40
3188.00 553.20
3189.00 557.00
3190.00 545.00
3191.00 555.00
3192.00 544.80
3193.00 555.20
3194.00 556.20
3195.00 550.40
3196.00 552.80
3197.00 550.60
3198.00 553.60
3199.00 551.80
3200.00 544.80
3201.00 552.60
3202.00 555.20
3203.00 559.60
3204.00 557.60
3205.00 548.00
3206.00 549.80
3207.00 557.80
3208.00 557.60
3209.00 558.00
3210.00 557.60
3211.00 554.80
3212.00 551.60
3213.00 555.60
3214.00 552.00
3215.00 546.60
3216.00 549.20
3217.00 560.60
3218.00 555.80
3219.00 540.80
3220.00 556.80
3221.00 556.60
3222.00 538.40
3223.00 548.80
3224.00 547.20
3225.00 541.00
3226.00 550.80
3227.00 550.00
3228.00 542.40
3229.00 545.60
3230.00 554.80
3231.00 554.80
3232.00 547.00
3233.00 550.80
3234.00 554.60
3235.00 555.20
3236.00 551.40
3237.00 555.60
3238.00 545.80
3239.00 551.20
3240.00 547.40
3241.00 553.20
3242.00 548.20
3243.00 550.40
3244.00 549.20
3245.00 539.00
3246.00 538.80
3247.00 560.20
3248.00 554.20
3249.00 555.40
3250.00 551.60
3251.00 553.40
3252.00 543.60
3253.00 551.00
3254.00 549.20
3255.00 546.40
3256.00 551.80
3257.00 552.60
3258.00 548.80
3259.00 552.80
3260.00 557.40
3261.00 552.80
3262.00 548.40
3263.00 555.60
3264.00 550.00
3265.00 554.20
3266.00 552.40
3267.00 556.80
3268.00 553.40
3269.00 550.20
3270.00 554.20
3271.00 553.40
3272.00 553.20
3273.00 550.60
3274.00 546.60
3275.00 553.40
3276.00 555.20
3277.00 556.40
3278.00 555.20
3279.00 550.00
3280.00 553.00
3281.00 550.00
3282.00 550.00
3283.00 548.80
3284.00 551.80
3285.00 549.40
3286.00 547.40
3287.00 560.20
3288.00 543.60
3289.00 548.80
3290.00 550.00
3291.00 547.80
3292.00 554.80
3293.00 550.60
3294.00 550.60
3295.00 550.80
3296.00 548.80
3297.00 556.40
3298.00 550.80
3299.00 545.20
3300.00 547.40
3301.00 549.60
3302.00 550.80
3303.00 549.60
3304.00 553.80
3305.00 553.40
3306.00 549.20
3307.00 551.60
3308.00 551.80
3309.00 557.00
3310.00 553.80
3311.00 555.20
3312.00 554.60
3313.00 552.40
3314.00 549.40
3315.00 550.20
3316.00 547.40
3317.00 546.20
3318.00 548.20
3319.00 550.20
3320.00 553.60
3321.00 555.60
3322.00 555.80
3323.00 547.60
3324.00 548.00
3325.00 542.80
3326.00 548.80
3327.00 551.40
3328.00 550.00
3329.00 550.00
3330.00 542.60
3331.00 554.00
3332.00 551.40
3333.00 553.20
3334.00 551.00
3335.00 542.20
3336.00 542.40
3337.00 555.40
3338.00 548.80
3339.00 554.20
3340.00 551.20
3341.00 552.60
3342.00 550.80
3343.00 555.80
3344.00 551.60
3345.00 550.80
3346.00 547.00
3347.00 556.40
3348.00 550.60
3349.00 559.00
3350.00 553.40
3351.00 548.20
3352.00 555.80
3353.00 562.20
3354.00 549.40
3355.00 546.60
3356.00 551.20
3357.00 546.40
3358.00 581.40
3359.00 556.40
3360.00 557.00
3361.00 558.00
3362.00 553.00
3363.00 544.00
3364.00 542.80
3365.00 555.40
3366.00 551.80
3367.00 551.40
3368.00 555.20
3369.00 560.20
3370.00 553.00
3371.00 561.20
3372.00 557.40
3373.00 548.00
3374.00 543.60
3375.00 555.20
3376.00 559.60
3377.00 559.80
3378.00 547.60
3379.00 544.60
3380.00 551.20
3381.00 544.60
3382.00 555.00
3383.00 552.00
3384.00 557.00
3385.00 555.80
3386.00 548.20
3387.00 552.20
3388.00 549.40
3389.00 559.80
3390.00 551.40
3391.00 553.40
3392.00 557.00
3393.00 558.00
3394.00 553.40
3395.00 550.80
3396.00 544.40
3397.00 546.40
3398.00 545.00
3399.00 553.20
3400.00 542.80
3401.00 551.40
3402.00 550.20
3403.00 549.80
3404.00 544.60
3405.00 549.00
3406.00 548.00
3407.00 552.40
3408.00 551.00
3409.00 549.40
3410.00 542.00
3411.00 556.60
3412.00 552.60
3413.00 553.20
3414.00 546.60
3415.00 554.00
3416.00 551.20
3417.00 555.80
3418.00 547.40
3419.00 559.00
3420.00 551.00
3421.00 555.80
3422.00 543.00
3423.00 560.20
3424.00 548.00
3425.00 549.20
3426.00 548.00
3427.00 556.80
3428.00 544.80
3429.00 556.60
3430.00 552.20
3431.00 551.80
3432.00 547.20
3433.00 553.80
3434.00 547.00
3435.00 547.60
3436.00 553.80
3437.00 555.40
3438.00 552.60
3439.00 548.60
3440.00 551.60
3441.00 553.20
3442.00 556.40
3443.00 544.00
3444.00 555.80
3445.00 558.80
3446.00 554.60
3447.00 548.60
3448.00 548.20
3449.00 550.00
3450.00 549.00
3451.00 548.60
3452.00 547.60
3453.00 553.80
3454.00 555.80
3455.00 550.20
3456.00 542.60
3457.00 551.80
3458.00 559.60
3459.00 559.60
3460.00 552.80
3461.00 562.60
3462.00 548.80
3463.00 543.20
3464.00 558.40
3465.00 549.20
3466.00 562.20
3467.00 557.00
3468.00 554.00
3469.00 550.00
3470.00 551.80
3471.00 548.40
3472.00 552.00
3473.00 552.80
3474.00 566.00
3475.00 548.20
3476.00 547.80
3477.00 549.00
3478.00 552.40
3479.00 545.80
3480.00 558.60
3481.00 557.00
3482.00 549.60
3483.00 548.60
3484.00 552.80
3485.00 551.20
3486.00 550.40
3487.00 547.80
3488.00 548.20
3489.00 551.60
3490.00 549.80
3491.00 550.80
3492.00 555.00
3493.00 552.20
3494.00 545.40
3495.00 544.80
3496.00 547.80
3497.00 551.20
3498.00 554.80
3499.00 551.60
3500.00 550.00
3501.00 557.40
3502.00 548.00
3503.00 543.80
3504.00 542.60
3505.00 556.20
3506.00 552.80
3507.00 562.60
3508.00 563.80
3509.00 559.00
3510.00 553.40
3511.00 553.20
3512.00 551.00
3513.00 552.00
3514.00 549.40
3515.00 561.80
3516.00 555.00
3517.00 557.20
3518.00 546.40
3519.00 556.60
3520.00 555.80
3521.00 558.80
3522.00 547.80
3523.00 551.00
3524.00 548.20
3525.00 557.40
3526.00 548.20
3527.00 550.20
3528.00 542.40
3529.00 557.00
3530.00 551.80
3531.00 553.00
3532.00 552.20
3533.00 553.60
3534.00 556.40
3535.00 552.20
3536.00 553.20
3537.00 556.60
3538.00 544.20
3539.00 552.40
3540.00 557.00
3541.00 553.60
3542.00 559.80
3543.00 557.40
3544.00 543.60
3545.00 550.40
3546.00 549.80
3547.00 560.00
3548.00 544.80
3549.00 562.40
3550.00 558.20
3551.00 548.00
3552.00 555.00
3553.00 547.40
3554.00 549.80
3555.00 555.60
3556.00 547.20
3557.00 546.80
3558.00 551.60
3559.00 553.60
3560.00 551.80
3561.00 550.80
3562.00 555.00
3563.00 560.80
3564.00 549.00
3565.00 558.20
3566.00 554.40
3567.00 555.80
3568.00 554.40
3569.00 549.80
3570.00 551.20
3571.00 553.80
3572.00 544.80
3573.00 553.20
3574.00 553.60
3575.00 551.60
3576.00 554.00
3577.00 549.40
3578.00 549.80
3579.00 564.60
3580.00 560.40
3581.00 551.20
3582.00 551.80
3583.00 553.80
3584.00 551.00
3585.00 547.60
3586.00 562.80
3587.00 554.00
3588.00 557.20
3589.00 554.60
3590.00 550.20
3591.00 557.80
3592.00 551.20
3593.00 550.00
3594.00 543.80
3595.00 552.40
3596.00 553.00
3597.00 553.20
3598.00 549.40
3599.00 550.00
3600.00 554.80
3601.00 545.60
3602.00 555.20
3603.00 546.40
3604.00 545.80
3605.00 540.20
3606.00 557.60
3607.00 553.40
3608.00 554.60
3609.00 553.60
3610.00 553.40
3611.00 552.40
3612.00 554.60
3613.00 555.80
3614.00 556.60
3615.00 548.00
3616.00 542.60
3617.00 541.80
3618.00 555.60
3619.00 549.60
3620.00 551.80
3621.00 557.20
3622.00 558.20
3623.00 554.60
3624.00 546.20
3625.00 550.00
3626.00 550.40
3627.00 558.00
3628.00 548.40
3629.00 547.00
3630.00 556.00
3631.00 552.00
3632.00 547.60
3633.00 542.60
3634.00 550.00
3635.00 550.40
3636.00 550.00
3637.00 546.00
3638.00 550.20
3639.00 552.20
3640.00 548.80
3641.00 552.00
3642.00 551.60
3643.00 546.60
3644.00 552.60
3645.00 551.80
3646.00 548.00
3647.00 546.40
