1700.00 1154.00
1701.00 1122.00
1702.00 1154.00
1703.00 1177.00
1704.00 1175.00
1705.00 1214.00
1706.00 1217.00
1707.00 1242.00
1708.00 1285.00
1709.00 1301.00
1710.00 1307.00
1711.00 1308.00
1712.00 1327.00
1713.00 1364.00
1714.00 1374.00
1715.00 1393.00
1716.00 1419.00
1717.00 1422.00
1718.00 1447.00
1719.00 1480.00
1720.00 1514.00
1721.00 1504.00
1722.00 1521.00
1723.00 1557.00
1724.00 1574.00
1725.00 1551.00
1726.00 1591.00
1727.00 1611.00
1728.00 1635.00
1729.00 1667.00
1730.00 1679.00
1731.00 1719.00
1732.00 1737.00
1733.00 1730.00
1734.00 1771.00
1735.00 1790.00
1736.00 1805.00
1737.00 1819.00
1738.00 1846.00
1739.00 1868.00
1740.00 1896.00
1741.00 1938.00
1742.00 1918.00
1743.00 1949.00
1744.00 1990.00
1745.00 2015.00
1746.00 2061.00
1747.00 2032.00
1748.00 2076.00
1749.00 2092.00
1750.00 2147.00
1751.00 2156.00
1752.00 2160.00
1753.00 2212.00
1754.00 2202.00
1755.00 2295.00
1756.00 2254.00
1757.00 2278.00
1758.00 2324.00
1759.00 2345.00
1760.00 2398.00
1761.00 2407.00
1762.00 2449.00
1763.00 2479.00
1764.00 2497.00
1765.00 2514.00
1766.00 2512.00
1767.00 2557.00
1768.00 2597.00
1769.00 2645.00
1770.00 2686.00
1771.00 2707.00
1772.00 2714.00
1773.00 2738.00
1774.00 2777.00
1775.00 2809.00
1776.00 2833.00
1777.00 2855.00
1778.00 2875.00
1779.00 2893.00
1780.00 2969.00
1781.00 2967.00
1782.00 2994.00
1783.00 3026.00
1784.00 3087.00
1785.00 3082.00
1786.00 3123.00
1787.00 3152.00
1788.00 3179.00
1789.00 3234.00
1790.00 3259.00
1791.00 3301.00
1792.00 3301.00
1793.00 3372.00
1794.00 3398.00
1795.00 3438.00
1796.00 3440.00
1797.00 3473.00
1798.00 3515.00
1799.00 3561.00
1800.00 3569.00
1801.00 3594.00
1802.00 3618.00
1803.00 3665.00
1804.00 3679.00
1805.00 3746.00
1806.00 3750.00
1807.00 3794.00
1808.00 3827.00
1809.00 3864.00
1810.00 3885.00
1811.00 3939.00
1812.00 3958.00
1813.00 3984.00
1814.00 4052.00
1815.00 4053.00
1816.00 4097.00
1817.00 4143.00
1818.00 4199.00
1819.00 4232.00
1820.00 4284.00
1821.00 4353.00
1822.00 4357.00
1823.00 4417.00
1824.00 4419.00
1825.00 4428.00
1826.00 4455.00
1827.00 4504.00
1828.00 4507.00
1829.00 4548.00
1830.00 4609.00
1831.00 4625.00
1832.00 4741.00
1833.00 4737.00
1834.00 4772.00
1835.00 4803.00
1836.00 4858.00
1837.00 4861.00
1838.00 4932.00
1839.00 4933.00
1840.00 4984.00
1841.00 5031.00
1842.00 5033.00
1843.00 5099.00
1844.00 5164.00
1845.00 5169.00
1846.00 5187.00
1847.00 5252.00
1848.00 5267.00
1849.00 5321.00
1850.00 5378.00
1851.00 5407.00
1852.00 5440.00
1853.00 5484.00
1854.00 5504.00
1855.00 5555.00
1856.00 5542.00
1857.00 5598.00
1858.00 5611.00
1859.00 5683.00
1860.00 5721.00
1861.00 5783.00
1862.00 5795.00
1863.00 5845.00
1864.00 5892.00
1865.00 5902.00
1866.00 5967.00
1867.00 5956.00
1868.00 5992.00
1869.00 6044.00
1870.00 6128.00
1871.00 6125.00
1872.00 6174.00
1873.00 6210.00
1874.00 6257.00
1875.00 6342.00
1876.00 6325.00
1877.00 6383.00
1878.00 6389.00
1879.00 6419.00
1880.00 6506.00
1881.00 6529.00
1882.00 6580.00
1883.00 6587.00
1884.00 6550.00
1885.00 6699.00
1886.00 6721.00
1887.00 6734.00
1888.00 6782.00
1889.00 6825.00
1890.00 6834.00
1891.00 6882.00
1892.00 6980.00
1893.00 6948.00
1894.00 7010.00
1895.00 7023.00
1896.00 7072.00
1897.00 7074.00
1898.00 7106.00
1899.00 7183.00
1900.00 7199.00
1901.00 7185.00
1902.00 7272.00
1903.00 7325.00
1904.00 7381.00
1905.00 7371.00
1906.00 7400.00
1907.00 7446.00
1908.00 7493.00
1909.00 7577.00
1910.00 7581.00
1911.00 7510.00
1912.00 7603.00
1913.00 7665.00
1914.00 7741.00
1915.00 7729.00
1916.00 7728.00
1917.00 7810.00
1918.00 7832.00
1919.00 7833.00
1920.00 7866.00
1921.00 7860.00
1922.00 7908.00
1923.00 7953.00
1924.00 8020.00
1925.00 7997.00
1926.00 8016.00
1927.00 8119.00
1928.00 8086.00
1929.00 8086.00
1930.00 8139.00
1931.00 8191.00
1932.00 8262.00
1933.00 8249.00
1934.00 8251.00
1935.00 8242.00
1936.00 8336.00
1937.00 8285.00
1938.00 8376.00
1939.00 8405.00
1940.00 8398.00
1941.00 8440.00
1942.00 8439.00
1943.00 8442.00
1944.00 8517.00
1945.00 8620.00
1946.00 8527.00
1947.00 8518.00
1948.00 8559.00
1949.00 8637.00
1950.00 8630.00
1951.00 8652.00
1952.00 8799.00
1953.00 8700.00
1954.00 8779.00
1955.00 8787.00
1956.00 8726.00
1957.00 8830.00
1958.00 8796.00
1959.00 8798.00
1960.00 8905.00
1961.00 8801.00
1962.00 8890.00
1963.00 8863.00
1964.00 8912.00
1965.00 8926.00
1966.00 9021.00
1967.00 8886.00
1968.00 8959.00
1969.00 9064.00
1970.00 8993.00
1971.00 9029.00
1972.00 9046.00
1973.00 9039.00
1974.00 9009.00
1975.00 9088.00
1976.00 9057.00
1977.00 9089.00
1978.00 9066.00
1979.00 9119.00
1980.00 9167.00
1981.00 9180.00
1982.00 9154.00
1983.00 9186.00
1984.00 9144.00
1985.00 9128.00
1986.00 9149.00
1987.00 9172.00
1988.00 9223.00
1989.00 9242.00
1990.00 9275.00
1991.00 9219.00
1992.00 9249.00
1993.00 9365.00
1994.00 9298.00
1995.00 9240.00
1996.00 9275.00
1997.00 9275.00
1998.00 9277.00
1999.00 9314.00
2000.00 9387.00
2001.00 9337.00
2002.00 9384.00
2003.00 9369.00
2004.00 9365.00
2005.00 9340.00
2006.00 9346.00
2007.00 9329.00
2008.00 9363.00
2009.00 9433.00
2010.00 9435.00
2011.00 9455.00
2012.00 9426.00
2013.00 9415.00
2014.00 9429.00
2015.00 9404.00
2016.00 9373.00
2017.00 9464.00
2018.00 9403.00
2019.00 9464.00
2020.00 9463.00
2021.00 9443.00
2022.00 9520.00
2023.00 9478.00
2024.00 9473.00
2025.00 9469.00
2026.00 9568.00
2027.00 9427.00
2028.00 9536.00
2029.00 9504.00
2030.00 9541.00
2031.00 9548.00
2032.00 9510.00
2033.00 9466.00
2034.00 9530.00
2035.00 9515.00
2036.00 9562.00
2037.00 9584.00
2038.00 9590.00
2039.00 9558.00
2040.00 9563.00
2041.00 9529.00
2042.00 9595.00
2043.00 9617.00
2044.00 9534.00
2045.00 9560.00
2046.00 9652.00
2047.00 9556.00
2048.00 9550.00
2049.00 9631.00
2050.00 9606.00
2051.00 9626.00
2052.00 9649.00
2053.00 9559.00
2054.00 9607.00
2055.00 9633.00
2056.00 9546.00
2057.00 9634.00
2058.00 9586.00
2059.00 9641.00
2060.00 9567.00
2061.00 9698.00
2062.00 9725.00
2063.00 9672.00
2064.00 9633.00
2065.00 9751.00
2066.00 9715.00
2067.00 9681.00
2068.00 9627.00
2069.00 9693.00
2070.00 9691.00
2071.00 9686.00
2072.00 9692.00
2073.00 9644.00
2074.00 9625.00
2075.00 9581.00
2076.00 9663.00
2077.00 9662.00
2078.00 9678.00
2079.00 9715.00
2080.00 9687.00
2081.00 9668.00
2082.00 9649.00
2083.00 9652.00
2084.00 9653.00
2085.00 9685.00
2086.00 9681.00
2087.00 9667.00
2088.00 9688.00
2089.00 9701.00
2090.00 9686.00
2091.00 9732.00
2092.00 9668.00
2093.00 9633.00
2094.00 9687.00
2095.00 9777.00
2096.00 9662.00
2097.00 9679.00
2098.00 9717.00
2099.00 9649.00
2100.00 9721.00
2101.00 9675.00
2102.00 9680.00
2103.00 9710.00
2104.00 9718.00
2105.00 9678.00
2106.00 9665.00
2107.00 9642.00
2108.00 9706.00
2109.00 9732.00
2110.00 9708.00
2111.00 9718.00
2112.00 9670.00
2113.00 9690.00
2114.00 9664.00
2115.00 9747.00
2116.00 9687.00
2117.00 9689.00
2118.00 9657.00
2119.00 9681.00
2120.00 9647.00
2121.00 9629.00
2122.00 9634.00
2123.00 9679.00
2124.00 9654.00
2125.00 9647.00
2126.00 9749.00
2127.00 9679.00
2128.00 9633.00
2129.00 9639.00
2130.00 9670.00
2131.00 9690.00
2132.00 9664.00
2133.00 9746.00
2134.00 9647.00
2135.00 9634.00
2136.00 9666.00
2137.00 9694.00
2138.00 9598.00
2139.00 9669.00
2140.00 9613.00
2141.00 9700.00
2142.00 9733.00
2143.00 9713.00
2144.00 9704.00
2145.00 9756.00
2146.00 9618.00
2147.00 9703.00
2148.00 9651.00
2149.00 9662.00
2150.00 9605.00
2151.00 9629.00
2152.00 9654.00
2153.00 9678.00
2154.00 9641.00
2155.00 9633.00
2156.00 9610.00
2157.00 9632.00
2158.00 9644.00
2159.00 9616.00
2160.00 9629.00
2161.00 9666.00
2162.00 9657.00
2163.00 9670.00
2164.00 9635.00
2165.00 9563.00
2166.00 9674.00
2167.00 9606.00
2168.00 9636.00
2169.00 9641.00
2170.00 9617.00
2171.00 9572.00
2172.00 9646.00
2173.00 9702.00
2174.00 9573.00
2175.00 9658.00
2176.00 9609.00
2177.00 9649.00
2178.00 9615.00
2179.00 9639.00
2180.00 9532.00
2181.00 9585.00
2182.00 9594.00
2183.00 9570.00
2184.00 9612.00
2185.00 9539.00
2186.00 9578.00
2187.00 9580.00
2188.00 9555.00
2189.00 9617.00
2190.00 9549.00
2191.00 9644.00
2192.00 9585.00
2193.00 9559.00
2194.00 9601.00
2195.00 9580.00
2196.00 9545.00
2197.00 9533.00
2198.00 9551.00
2199.00 9530.00
2200.00 9564.00
2201.00 9569.00
2202.00 9494.00
2203.00 9608.00
2204.00 9551.00
2205.00 9538.00
2206.00 9601.00
2207.00 9580.00
2208.00 9525.00
2209.00 9539.00
2210.00 9574.00
2211.00 9548.00
2212.00 9541.00
2213.00 9558.00
2214.00 9495.00
2215.00 9441.00
2216.00 9489.00
2217.00 9537.00
2218.00 9546.00
2219.00 9553.00
2220.00 9519.00
2221.00 9517.00
2222.00 9497.00
2223.00 9505.00
2224.00 9530.00
2225.00 9493.00
2226.00 9478.00
2227.00 9516.00
2228.00 9447.00
2229.00 9572.00
2230.00 9453.00
2231.00 9521.00
2232.00 9439.00
2233.00 9473.00
2234.00 9523.00
2235.00 9443.00
2236.00 9507.00
2237.00 9487.00
2238.00 9435.00
2239.00 9424.00
2240.00 9467.00
2241.00 9452.00
2242.00 9411.00
2243.00 9381.00
2244.00 9485.00
2245.00 9478.00
2246.00 9401.00
2247.00 9432.00
2248.00 9444.00
2249.00 9524.00
2250.00 9409.00
2251.00 9422.00
2252.00 9420.00
2253.00 9337.00
2254.00 9391.00
2255.00 9414.00
2256.00 9390.00
2257.00 9418.00
2258.00 9397.00
2259.00 9414.00
2260.00 9461.00
2261.00 9398.00
2262.00 9405.00
2263.00 9307.00
2264.00 9364.00
2265.00 9426.00
2266.00 9432.00
2267.00 9385.00
2268.00 9374.00
2269.00 9356.00
2270.00 9419.00
2271.00 9390.00
2272.00 9418.00
2273.00 9334.00
2274.00 9371.00
2275.00 9372.00
2276.00 9335.00
2277.00 9424.00
2278.00 9369.00
2279.00 9353.00
2280.00 9342.00
2281.00 9354.00
2282.00 9318.00
2283.00 9298.00
2284.00 9299.00
2285.00 9343.00
2286.00 9388.00
2287.00 9384.00
2288.00 9322.00
2289.00 9330.00
2290.00 9345.00
2291.00 9268.00
2292.00 9381.00
2293.00 9328.00
2294.00 9341.00
2295.00 9351.00
2296.00 9348.00
2297.00 9334.00
2298.00 9350.00
2299.00 9377.00
2300.00 9275.00
2301.00 9273.00
2302.00 9267.00
2303.00 9256.00
2304.00 9320.00
2305.00 9251.00
2306.00 9240.00
2307.00 9293.00
2308.00 9250.00
2309.00 9274.00
2310.00 9236.00
2311.00 9223.00
2312.00 9226.00
2313.00 9198.00
2314.00 9207.00
2315.00 9284.00
2316.00 9221.00
2317.00 9248.00
2318.00 9195.00
2319.00 9261.00
2320.00 9216.00
2321.00 9186.00
2322.00 9265.00
2323.00 9229.00
2324.00 9268.00
2325.00 9260.00
2326.00 9222.00
2327.00 9241.00
2328.00 9209.00
2329.00 9197.00
2330.00 9290.00
2331.00 9205.00
2332.00 9224.00
2333.00 9208.00
2334.00 9190.00
2335.00 9202.00
2336.00 9215.00
2337.00 9223.00
2338.00 9241.00
2339.00 9222.00
2340.00 9241.00
2341.00 9225.00
2342.00 9181.00
2343.00 9192.00
2344.00 9202.00
2345.00 9239.00
2346.00 9232.00
2347.00 9203.00
2348.00 9228.00
2349.00 9151.00
2350.00 9199.00
2351.00 9182.00
2352.00 9205.00
2353.00 9308.00
2354.00 9169.00
2355.00 9157.00
2356.00 9208.00
2357.00 9232.00
2358.00 9205.00
2359.00 9219.00
2360.00 9244.00
2361.00 9249.00
2362.00 9145.00
2363.00 9180.00
2364.00 9221.00
2365.00 9264.00
2366.00 9163.00
2367.00 9186.00
2368.00 9154.00
2369.00 9184.00
2370.00 9296.00
2371.00 9228.00
2372.00 9207.00
2373.00 9194.00
2374.00 9246.00
2375.00 9232.00
2376.00 9213.00
2377.00 9253.00
2378.00 9242.00
2379.00 9203.00
2380.00 9192.00
2381.00 9206.00
2382.00 9187.00
2383.00 9188.00
2384.00 9200.00
2385.00 9259.00
2386.00 9146.00
2387.00 9181.00
2388.00 9204.00
2389.00 9207.00
2390.00 9250.00
2391.00 9218.00
2392.00 9201.00
2393.00 9170.00
2394.00 9236.00
2395.00 9181.00
2396.00 9216.00
2397.00 9226.00
2398.00 9158.00
2399.00 9163.00
2400.00 9265.00
2401.00 9215.00
2402.00 9196.00
2403.00 9189.00
2404.00 9250.00
2405.00 9239.00
2406.00 9151.00
2407.00 9177.00
2408.00 9139.00
2409.00 9245.00
2410.00 9256.00
2411.00 9166.00
2412.00 9219.00
2413.00 9170.00
2414.00 9221.00
2415.00 9179.00
2416.00 9149.00
2417.00 9134.00
2418.00 9195.00
2419.00 9151.00
2420.00 9210.00
2421.00 9177.00
2422.00 9228.00
2423.00 9169.00
2424.00 9212.00
2425.00 9198.00
2426.00 9163.00
2427.00 9134.00
2428.00 9189.00
2429.00 9228.00
2430.00 9190.00
2431.00 9157.00
2432.00 9182.00
2433.00 9166.00
2434.00 9237.00
2435.00 9258.00
2436.00 9163.00
2437.00 9159.00
2438.00 9166.00
2439.00 9171.00
2440.00 9192.00
2441.00 9183.00
2442.00 9220.00
2443.00 9193.00
2444.00 9233.00
2445.00 9202.00
2446.00 9145.00
2447.00 9136.00
2448.00 9151.00
2449.00 9245.00
2450.00 9196.00
2451.00 9177.00
2452.00 9195.00
2453.00 9236.00
2454.00 9166.00
2455.00 9100.00
2456.00 9178.00
2457.00 9217.00
2458.00 9185.00
2459.00 9192.00
2460.00 9207.00
2461.00 9206.00
2462.00 9214.00
2463.00 9229.00
2464.00 9185.00
2465.00 9185.00
2466.00 9196.00
2467.00 9257.00
2468.00 9233.00
2469.00 9166.00
2470.00 9232.00
2471.00 9156.00
2472.00 9162.00
2473.00 9298.00
2474.00 9210.00
2475.00 9211.00
2476.00 9160.00
2477.00 9213.00
2478.00 9241.00
2479.00 9206.00
2480.00 9204.00
2481.00 9120.00
2482.00 9188.00
2483.00 9222.00
2484.00 9180.00
2485.00 9160.00
2486.00 9152.00
2487.00 9137.00
2488.00 9102.00
2489.00 9247.00
2490.00 9153.00
2491.00 9144.00
2492.00 9221.00
2493.00 9259.00
2494.00 9160.00
2495.00 9175.00
2496.00 9276.00
2497.00 9218.00
2498.00 9186.00
2499.00 9169.00
2500.00 9224.00
