1700.00 712.00
1701.00 659.00
1702.00 653.00
1703.00 666.00
1704.00 661.00
1705.00 654.00
1706.00 670.00
1707.00 669.00
1708.00 680.00
1709.00 681.00
1710.00 681.00
1711.00 675.00
1712.00 680.00
1713.00 683.00
1714.00 674.00
1715.00 693.00
1716.00 695.00
1717.00 692.00
1718.00 698.00
1719.00 715.00
1720.00 700.00
1721.00 694.00
1722.00 716.00
1723.00 708.00
1724.00 723.00
1725.00 725.00
1726.00 714.00
1727.00 738.00
1728.00 725.00
1729.00 740.00
1730.00 740.00
1731.00 735.00
1732.00 747.00
1733.00 742.00
1734.00 745.00
1735.00 762.00
1736.00 772.00
1737.00 762.00
1738.00 777.00
1739.00 764.00
1740.00 776.00
1741.00 791.00
1742.00 783.00
1743.00 807.00
1744.00 806.00
1745.00 803.00
1746.00 808.00
1747.00 816.00
1748.00 817.00
1749.00 833.00
1750.00 829.00
1751.00 841.00
1752.00 831.00
1753.00 850.00
1754.00 853.00
1755.00 862.00
1756.00 861.00
1757.00 873.00
1758.00 870.00
1759.00 881.00
1760.00 876.00
1761.00 888.00
1762.00 892.00
1763.00 900.00
1764.00 920.00
1765.00 930.00
1766.00 921.00
1767.00 924.00
1768.00 939.00
1769.00 942.00
1770.00 969.00
1771.00 966.00
1772.00 965.00
1773.00 985.00
1774.00 983.00
1775.00 979.00
1776.00 991.00
1777.00 997.00
1778.00 1030.00
1779.00 1026.00
1780.00 1035.00
1781.00 1029.00
1782.00 1046.00
1783.00 1063.00
1784.00 1058.00
1785.00 1057.00
1786.00 1058.00
1787.00 1063.00
1788.00 1080.00
1789.00 1101.00
1790.00 1091.00
1791.00 1119.00
1792.00 1100.00
1793.00 1124.00
1794.00 1150.00
1795.00 1144.00
1796.00 1166.00
1797.00 1167.00
1798.00 1162.00
1799.00 1185.00
1800.00 1176.00
1801.00 1205.00
1802.00 1194.00
1803.00 1213.00
1804.00 1235.00
1805.00 1234.00
1806.00 1260.00
1807.00 1257.00
1808.00 1275.00
1809.00 1283.00
1810.00 1281.00
1811.00 1282.00
1812.00 1316.00
1813.00 1317.00
1814.00 1322.00
1815.00 1338.00
1816.00 1332.00
1817.00 1351.00
1818.00 1352.00
1819.00 1360.00
1820.00 1396.00
1821.00 1386.00
1822.00 1411.00
1823.00 1403.00
1824.00 1412.00
1825.00 1419.00
1826.00 1455.00
1827.00 1475.00
1828.00 1469.00
1829.00 1458.00
1830.00 1494.00
1831.00 1477.00
1832.00 1490.00
1833.00 1559.00
1834.00 1549.00
1835.00 1557.00
1836.00 1568.00
1837.00 1575.00
1838.00 1579.00
1839.00 1590.00
1840.00 1576.00
1841.00 1589.00
1842.00 1607.00
1843.00 1628.00
1844.00 1655.00
1845.00 1656.00
1846.00 1638.00
1847.00 1685.00
1848.00 1682.00
1849.00 1690.00
1850.00 1710.00
1851.00 1732.00
1852.00 1764.00
1853.00 1742.00
1854.00 1764.00
1855.00 1749.00
1856.00 1781.00
1857.00 1777.00
1858.00 1790.00
1859.00 1804.00
1860.00 1818.00
1861.00 1822.00
1862.00 1810.00
1863.00 1857.00
1864.00 1885.00
1865.00 1865.00
1866.00 1885.00
1867.00 1904.00
1868.00 1921.00
1869.00 1920.00
1870.00 1936.00
1871.00 1937.00
1872.00 1936.00
1873.00 1950.00
1874.00 1988.00
1875.00 1999.00
1876.00 1971.00
1877.00 2007.00
1878.00 1992.00
1879.00 2023.00
1880.00 2030.00
1881.00 2090.00
1882.00 2083.00
1883.00 2086.00
1884.00 2106.00
1885.00 2129.00
1886.00 2119.00
1887.00 2149.00
1888.00 2166.00
1889.00 2185.00
1890.00 2216.00
1891.00 2199.00
1892.00 2238.00
1893.00 2265.00
1894.00 2248.00
1895.00 2259.00
1896.00 2293.00
1897.00 2288.00
1898.00 2304.00
1899.00 2332.00
1900.00 2295.00
1901.00 2326.00
1902.00 2363.00
1903.00 2350.00
1904.00 2358.00
1905.00 2363.00
1906.00 2371.00
1907.00 2386.00
1908.00 2360.00
1909.00 2394.00
1910.00 2375.00
1911.00 2419.00
1912.00 2386.00
1913.00 2390.00
1914.00 2442.00
1915.00 2435.00
1916.00 2427.00
1917.00 2437.00
1918.00 2434.00
1919.00 2478.00
1920.00 2451.00
1921.00 2514.00
1922.00 2479.00
1923.00 2493.00
1924.00 2503.00
1925.00 2500.00
1926.00 2505.00
1927.00 2530.00
1928.00 2517.00
1929.00 2535.00
1930.00 2555.00
1931.00 2579.00
1932.00 2571.00
1933.00 2585.00
1934.00 2585.00
1935.00 2601.00
1936.00 2592.00
1937.00 2595.00
1938.00 2609.00
1939.00 2641.00
1940.00 2643.00
1941.00 2632.00
1942.00 2657.00
1943.00 2653.00
1944.00 2679.00
1945.00 2692.00
1946.00 2695.00
1947.00 2733.00
1948.00 2719.00
1949.00 2682.00
1950.00 2688.00
1951.00 2717.00
1952.00 2716.00
1953.00 2714.00
1954.00 2768.00
1955.00 2724.00
1956.00 2775.00
1957.00 2765.00
1958.00 2758.00
1959.00 2770.00
1960.00 2781.00
1961.00 2773.00
1962.00 2808.00
1963.00 2817.00
1964.00 2837.00
1965.00 2804.00
1966.00 2811.00
1967.00 2849.00
1968.00 2788.00
1969.00 2816.00
1970.00 2826.00
1971.00 2843.00
1972.00 2821.00
1973.00 2850.00
1974.00 2859.00
1975.00 2873.00
1976.00 2857.00
1977.00 2867.00
1978.00 2843.00
1979.00 2870.00
1980.00 2882.00
1981.00 2908.00
1982.00 2914.00
1983.00 2923.00
1984.00 2920.00
1985.00 2917.00
1986.00 2921.00
1987.00 2911.00
1988.00 2909.00
1989.00 2918.00
1990.00 2969.00
1991.00 2921.00
1992.00 2945.00
1993.00 2931.00
1994.00 2938.00
1995.00 2940.00
1996.00 2985.00
1997.00 2973.00
1998.00 3006.00
1999.00 2973.00
2000.00 2978.00
2001.00 2993.00
2002.00 3023.00
2003.00 3033.00
2004.00 3020.00
2005.00 3077.00
2006.00 3037.00
2007.00 3057.00
2008.00 3108.00
2009.00 3105.00
2010.00 3084.00
2011.00 3108.00
2012.00 3098.00
2013.00 3098.00
2014.00 3113.00
2015.00 3119.00
2016.00 3098.00
2017.00 3139.00
2018.00 3135.00
2019.00 3133.00
2020.00 3126.00
2021.00 3112.00
2022.00 3142.00
2023.00 3150.00
2024.00 3150.00
2025.00 3120.00
2026.00 3135.00
2027.00 3138.00
2028.00 3144.00
2029.00 3129.00
2030.00 3143.00
2031.00 3161.00
2032.00 3167.00
2033.00 3154.00
2034.00 3174.00
2035.00 3147.00
2036.00 3177.00
2037.00 3191.00
2038.00 3160.00
2039.00 3138.00
2040.00 3153.00
2041.00 3174.00
2042.00 3168.00
2043.00 3202.00
2044.00 3181.00
2045.00 3200.00
2046.00 3172.00
2047.00 3143.00
2048.00 3169.00
2049.00 3205.00
2050.00 3209.00
2051.00 3189.00
2052.00 3217.00
2053.00 3161.00
2054.00 3169.00
2055.00 3227.00
2056.00 3191.00
2057.00 3166.00
2058.00 3171.00
2059.00 3209.00
2060.00 3205.00
2061.00 3200.00
2062.00 3202.00
2063.00 3215.00
2064.00 3173.00
2065.00 3178.00
2066.00 3181.00
2067.00 3194.00
2068.00 3254.00
2069.00 3227.00
2070.00 3156.00
2071.00 3171.00
2072.00 3191.00
2073.00 3173.00
2074.00 3212.00
2075.00 3179.00
2076.00 3195.00
2077.00 3190.00
2078.00 3195.00
2079.00 3164.00
2080.00 3180.00
2081.00 3177.00
2082.00 3205.00
2083.00 3168.00
2084.00 3140.00
2085.00 3181.00
2086.00 3174.00
2087.00 3178.00
2088.00 3191.00
2089.00 3165.00
2090.00 3195.00
2091.00 3187.00
2092.00 3142.00
2093.00 3194.00
2094.00 3162.00
2095.00 3162.00
2096.00 3213.00
2097.00 3196.00
2098.00 3154.00
2099.00 3145.00
2100.00 3155.00
2101.00 3124.00
2102.00 3153.00
2103.00 3149.00
2104.00 3135.00
2105.00 3166.00
2106.00 3163.00
2107.00 3142.00
2108.00 3130.00
2109.00 3191.00
2110.00 3174.00
2111.00 3170.00
2112.00 3173.00
2113.00 3184.00
2114.00 3186.00
2115.00 3189.00
2116.00 3160.00
2117.00 3141.00
2118.00 3132.00
2119.00 3143.00
2120.00 3175.00
2121.00 3164.00
2122.00 3174.00
2123.00 3178.00
2124.00 3150.00
2125.00 3138.00
2126.00 3160.00
2127.00 3167.00
2128.00 3152.00
2129.00 3198.00
2130.00 3169.00
2131.00 3177.00
2132.00 3173.00
2133.00 3183.00
2134.00 3180.00
2135.00 3163.00
2136.00 3177.00
2137.00 3200.00
2138.00 3219.00
2139.00 3180.00
2140.00 3170.00
2141.00 3217.00
2142.00 3161.00
2143.00 3178.00
2144.00 3166.00
2145.00 3141.00
2146.00 3196.00
2147.00 3156.00
2148.00 3167.00
2149.00 3137.00
2150.00 3172.00
2151.00 3166.00
2152.00 3161.00
2153.00 3147.00
2154.00 3189.00
2155.00 3161.00
2156.00 3208.00
2157.00 3152.00
2158.00 3153.00
2159.00 3155.00
2160.00 3174.00
2161.00 3140.00
2162.00 3173.00
2163.00 3140.00
2164.00 3144.00
2165.00 3127.00
2166.00 3148.00
2167.00 3140.00
2168.00 3176.00
2169.00 3181.00
2170.00 3144.00
2171.00 3170.00
2172.00 3130.00
2173.00 3126.00
2174.00 3164.00
2175.00 3124.00
2176.00 3142.00
2177.00 3171.00
2178.00 3175.00
2179.00 3126.00
2180.00 3136.00
2181.00 3115.00
2182.00 3134.00
2183.00 3155.00
2184.00 3160.00
2185.00 3141.00
2186.00 3108.00
2187.00 3140.00
2188.00 3111.00
2189.00 3139.00
2190.00 3109.00
2191.00 3154.00
2192.00 3103.00
2193.00 3142.00
2194.00 3186.00
2195.00 3150.00
2196.00 3177.00
2197.00 3199.00
2198.00 3174.00
2199.00 3191.00
2200.00 3199.00
2201.00 3155.00
2202.00 3209.00
2203.00 3210.00
2204.00 3178.00
2205.00 3160.00
2206.00 3159.00
2207.00 3168.00
2208.00 3185.00
2209.00 3175.00
2210.00 3184.00
2211.00 3182.00
2212.00 3169.00
2213.00 3179.00
2214.00 3170.00
2215.00 3154.00
2216.00 3143.00
2217.00 3196.00
2218.00 3205.00
2219.00 3188.00
2220.00 3161.00
2221.00 3197.00
2222.00 3146.00
2223.00 3147.00
2224.00 3177.00
2225.00 3172.00
2226.00 3153.00
2227.00 3177.00
2228.00 3136.00
2229.00 3168.00
2230.00 3168.00
2231.00 3178.00
2232.00 3157.00
2233.00 3155.00
2234.00 3176.00
2235.00 3153.00
2236.00 3148.00
2237.00 3149.00
2238.00 3185.00
2239.00 3144.00
2240.00 3141.00
2241.00 3156.00
2242.00 3167.00
2243.00 3160.00
2244.00 3148.00
2245.00 3151.00
2246.00 3173.00
2247.00 3181.00
2248.00 3133.00
2249.00 3163.00
2250.00 3161.00
2251.00 3157.00
2252.00 3174.00
2253.00 3153.00
2254.00 3148.00
2255.00 3138.00
2256.00 3145.00
2257.00 3150.00
2258.00 3155.00
2259.00 3133.00
2260.00 3158.00
2261.00 3135.00
2262.00 3132.00
2263.00 3193.00
2264.00 3131.00
2265.00 3135.00
2266.00 3127.00
2267.00 3154.00
2268.00 3125.00
2269.00 3147.00
2270.00 3137.00
2271.00 3126.00
2272.00 3133.00
2273.00 3145.00
2274.00 3119.00
2275.00 3135.00
2276.00 3146.00
2277.00 3136.00
2278.00 3110.00
2279.00 3164.00
2280.00 3106.00
2281.00 3105.00
2282.00 3125.00
2283.00 3105.00
2284.00 3131.00
2285.00 3120.00
2286.00 3096.00
2287.00 3108.00
2288.00 3102.00
2289.00 3121.00
2290.00 3118.00
2291.00 3104.00
2292.00 3108.00
2293.00 3100.00
2294.00 3141.00
2295.00 3109.00
2296.00 3113.00
2297.00 3098.00
2298.00 3088.00
2299.00 3116.00
2300.00 3124.00
2301.00 3113.00
2302.00 3070.00
2303.00 3095.00
2304.00 3102.00
2305.00 3102.00
2306.00 3078.00
2307.00 3110.00
2308.00 3120.00
2309.00 3106.00
2310.00 3120.00
2311.00 3091.00
2312.00 3087.00
2313.00 3094.00
2314.00 3097.00
2315.00 3088.00
2316.00 3101.00
2317.00 3055.00
2318.00 3082.00
2319.00 3095.00
2320.00 3056.00
2321.00 3063.00
2322.00 3116.00
2323.00 3098.00
2324.00 3071.00
2325.00 3064.00
2326.00 3124.00
2327.00 3098.00
2328.00 3066.00
2329.00 3085.00
2330.00 3053.00
2331.00 3094.00
2332.00 3086.00
2333.00 3109.00
2334.00 3058.00
2335.00 3079.00
2336.00 3100.00
2337.00 3057.00
2338.00 3055.00
2339.00 3056.00
2340.00 3066.00
2341.00 3057.00
2342.00 3069.00
2343.00 3044.00
2344.00 3072.00
2345.00 3070.00
2346.00 3088.00
2347.00 3048.00
2348.00 3071.00
2349.00 3069.00
2350.00 3053.00
2351.00 3077.00
2352.00 3082.00
2353.00 3052.00
2354.00 3080.00
2355.00 3047.00
2356.00 3076.00
2357.00 3098.00
2358.00 3063.00
2359.00 3074.00
2360.00 3063.00
2361.00 3040.00
2362.00 3102.00
2363.00 3074.00
2364.00 3062.00
2365.00 3063.00
2366.00 3094.00
2367.00 3078.00
2368.00 3095.00
2369.00 3070.00
2370.00 3070.00
2371.00 3105.00
2372.00 3078.00
2373.00 3090.00
2374.00 3041.00
2375.00 3063.00
2376.00 3094.00
2377.00 3070.00
2378.00 3069.00
2379.00 3030.00
2380.00 3061.00
2381.00 3075.00
2382.00 3050.00
2383.00 3098.00
2384.00 3079.00
2385.00 3046.00
2386.00 3079.00
2387.00 3030.00
2388.00 3072.00
2389.00 3082.00
2390.00 3088.00
2391.00 3061.00
2392.00 3077.00
2393.00 3057.00
2394.00 3077.00
2395.00 3085.00
2396.00 3077.00
2397.00 3046.00
2398.00 3062.00
2399.00 3081.00
2400.00 3052.00
2401.00 3049.00
2402.00 3080.00
2403.00 3058.00
2404.00 3066.00
2405.00 3048.00
2406.00 3061.00
2407.00 3061.00
2408.00 3065.00
2409.00 3074.00
2410.00 3081.00
2411.00 3062.00
2412.00 3075.00
2413.00 3066.00
2414.00 3048.00
2415.00 3079.00
2416.00 3074.00
2417.00 3069.00
2418.00 3060.00
2419.00 3080.00
2420.00 3072.00
2421.00 3070.00
2422.00 3064.00
2423.00 3038.00
2424.00 3059.00
2425.00 3093.00
2426.00 3110.00
2427.00 3027.00
2428.00 3057.00
2429.00 3059.00
2430.00 3055.00
2431.00 3061.00
2432.00 3037.00
2433.00 3079.00
2434.00 3044.00
2435.00 3049.00
2436.00 3065.00
2437.00 3074.00
2438.00 3050.00
2439.00 3074.00
2440.00 3076.00
2441.00 3058.00
2442.00 3075.00
2443.00 3062.00
2444.00 3037.00
2445.00 3100.00
2446.00 3078.00
2447.00 3075.00
2448.00 3073.00
2449.00 3055.00
2450.00 3060.00
2451.00 3084.00
2452.00 3103.00
2453.00 3051.00
2454.00 3107.00
2455.00 3065.00
2456.00 3114.00
2457.00 3041.00
2458.00 3065.00
2459.00 3049.00
2460.00 3077.00
2461.00 3029.00
2462.00 3063.00
2463.00 3091.00
2464.00 3083.00
2465.00 3075.00
2466.00 3064.00
2467.00 3071.00
2468.00 3063.00
2469.00 3079.00
2470.00 3054.00
2471.00 3081.00
2472.00 3079.00
2473.00 3072.00
2474.00 3082.00
2475.00 3067.00
2476.00 3048.00
2477.00 3042.00
2478.00 3102.00
2479.00 3071.00
2480.00 3063.00
2481.00 3054.00
2482.00 3046.00
2483.00 3050.00
2484.00 3055.00
2485.00 3088.00
2486.00 3051.00
2487.00 3077.00
2488.00 3087.00
2489.00 3055.00
2490.00 3053.00
2491.00 3035.00
2492.00 3042.00
2493.00 3036.00
2494.00 3075.00
2495.00 3079.00
2496.00 3049.00
2497.00 3067.00
2498.00 3067.00
2499.00 3067.00
2500.00 3032.00
