1700.00 1184.00
1701.00 1444.00
1702.00 1509.00
1703.00 1503.00
1704.00 1547.00
1705.00 1579.00
1706.00 1613.00
1707.00 1686.00
1708.00 1693.00
1709.00 1711.00
1710.00 1760.00
1711.00 1816.00
1712.00 1828.00
1713.00 1853.00
1714.00 1873.00
1715.00 1890.00
1716.00 1940.00
1717.00 2016.00
1718.00 1979.00
1719.00 2028.00
1720.00 2045.00
1721.00 2108.00
1722.00 2115.00
1723.00 2169.00
1724.00 2202.00
1725.00 2246.00
1726.00 2281.00
1727.00 2293.00
1728.00 2348.00
1729.00 2358.00
1730.00 2401.00
1731.00 2476.00
1732.00 2507.00
1733.00 2495.00
1734.00 2564.00
1735.00 2579.00
1736.00 2619.00
1737.00 2638.00
1738.00 2682.00
1739.00 2751.00
1740.00 2773.00
1741.00 2848.00
1742.00 2804.00
1743.00 2862.00
1744.00 2948.00
1745.00 2949.00
1746.00 2992.00
1747.00 3045.00
1748.00 3084.00
1749.00 3116.00
1750.00 3185.00
1751.00 3180.00
1752.00 3205.00
1753.00 3307.00
1754.00 3348.00
1755.00 3343.00
1756.00 3395.00
1757.00 3488.00
1758.00 3508.00
1759.00 3539.00
1760.00 3579.00
1761.00 3629.00
1762.00 3690.00
1763.00 3694.00
1764.00 3736.00
1765.00 3778.00
1766.00 3841.00
1767.00 3894.00
1768.00 3959.00
1769.00 3995.00
1770.00 4039.00
1771.00 4083.00
1772.00 4169.00
1773.00 4178.00
1774.00 4238.00
1775.00 4294.00
1776.00 4289.00
1777.00 4366.00
1778.00 4393.00
1779.00 4409.00
1780.00 4546.00
1781.00 4540.00
1782.00 4617.00
1783.00 4656.00
1784.00 4699.00
1785.00 4730.00
1786.00 4819.00
1787.00 4868.00
1788.00 4939.00
1789.00 4949.00
1790.00 5042.00
1791.00 5101.00
1792.00 5160.00
1793.00 5192.00
1794.00 5193.00
1795.00 5275.00
1796.00 5321.00
1797.00 5363.00
1798.00 5416.00
1799.00 5414.00
1800.00 5517.00
1801.00 5598.00
1802.00 5625.00
1803.00 5716.00
1804.00 5723.00
1805.00 5784.00
1806.00 5859.00
1807.00 5919.00
1808.00 5961.00
1809.00 6008.00
1810.00 6084.00
1811.00 6135.00
1812.00 6217.00
1813.00 6259.00
1814.00 6360.00
1815.00 6421.00
1816.00 6429.00
1817.00 6438.00
1818.00 6570.00
1819.00 6591.00
1820.00 6710.00
1821.00 6699.00
1822.00 6728.00
1823.00 6800.00
1824.00 6871.00
1825.00 6906.00
1826.00 6975.00
1827.00 7058.00
1828.00 7063.00
1829.00 7121.00
1830.00 7229.00
1831.00 7317.00
1832.00 7325.00
1833.00 7366.00
1834.00 7462.00
1835.00 7552.00
1836.00 7554.00
1837.00 7673.00
1838.00 7697.00
1839.00 7710.00
1840.00 7835.00
1841.00 7893.00
1842.00 7899.00
1843.00 7944.00
1844.00 8110.00
1845.00 8013.00
1846.00 8093.00
1847.00 8148.00
1848.00 8263.00
1849.00 8294.00
1850.00 8306.00
1851.00 8423.00
1852.00 8445.00
1853.00 8523.00
1854.00 8506.00
1855.00 8661.00
1856.00 8801.00
1857.00 8794.00
1858.00 8813.00
1859.00 8869.00
1860.00 8863.00
1861.00 8931.00
1862.00 9051.00
1863.00 9113.00
1864.00 9094.00
1865.00 9236.00
1866.00 9225.00
1867.00 9340.00
1868.00 9341.00
1869.00 9437.00
1870.00 9514.00
1871.00 9576.00
1872.00 9602.00
1873.00 9680.00
1874.00 9721.00
1875.00 9744.00
1876.00 9793.00
1877.00 9920.00
1878.00 9921.00
1879.00 10011.00
1880.00 10098.00
1881.00 10090.00
1882.00 10203.00
1883.00 10144.00
1884.00 10228.00
1885.00 10334.00
1886.00 10366.00
1887.00 10383.00
1888.00 10465.00
1889.00 10474.00
1890.00 10619.00
1891.00 10607.00
1892.00 10678.00
1893.00 10796.00
1894.00 10764.00
1895.00 10944.00
1896.00 10850.00
1897.00 10984.00
1898.00 11119.00
1899.00 11112.00
1900.00 11083.00
1901.00 11186.00
1902.00 11169.00
1903.00 11301.00
1904.00 11360.00
1905.00 11517.00
1906.00 11456.00
1907.00 11563.00
1908.00 11571.00
1909.00 11645.00
1910.00 11618.00
1911.00 11680.00
1912.00 11714.00
1913.00 11837.00
1914.00 11853.00
1915.00 11852.00
1916.00 11952.00
1917.00 12034.00
1918.00 12079.00
1919.00 12181.00
1920.00 12147.00
1921.00 12257.00
1922.00 12281.00
1923.00 12294.00
1924.00 12318.00
1925.00 12384.00
1926.00 12437.00
1927.00 12472.00
1928.00 12532.00
1929.00 12522.00
1930.00 12557.00
1931.00 12626.00
1932.00 12614.00
1933.00 12654.00
1934.00 12705.00
1935.00 12804.00
1936.00 12752.00
1937.00 12867.00
1938.00 12897.00
1939.00 12949.00
1940.00 12968.00
1941.00 13014.00
1942.00 13078.00
1943.00 13196.00
1944.00 13140.00
1945.00 13166.00
1946.00 13245.00
1947.00 13297.00
1948.00 13368.00
1949.00 13433.00
1950.00 13387.00
1951.00 13450.00
1952.00 13518.00
1953.00 13531.00
1954.00 13587.00
1955.00 13629.00
1956.00 13583.00
1957.00 13639.00
1958.00 13706.00
1959.00 13749.00
1960.00 13759.00
1961.00 13807.00
1962.00 13868.00
1963.00 13934.00
1964.00 13986.00
1965.00 14053.00
1966.00 13990.00
1967.00 14176.00
1968.00 14054.00
1969.00 14172.00
1970.00 14160.00
1971.00 14321.00
1972.00 14239.00
1973.00 14249.00
1974.00 14332.00
1975.00 14377.00
1976.00 14431.00
1977.00 14381.00
1978.00 14456.00
1979.00 14443.00
1980.00 14499.00
1981.00 14557.00
1982.00 14568.00
1983.00 14521.00
1984.00 14609.00
1985.00 14622.00
1986.00 14638.00
1987.00 14672.00
1988.00 14726.00
1989.00 14690.00
1990.00 14760.00
1991.00 14761.00
1992.00 14723.00
1993.00 14842.00
1994.00 14720.00
1995.00 14787.00
1996.00 14876.00
1997.00 14887.00
1998.00 14860.00
1999.00 14801.00
2000.00 14909.00
2001.00 14901.00
2002.00 14950.00
2003.00 14912.00
2004.00 14993.00
2005.00 14955.00
2006.00 15034.00
2007.00 15061.00
2008.00 14999.00
2009.00 15077.00
2010.00 15141.00
2011.00 15111.00
2012.00 15051.00
2013.00 15042.00
2014.00 15109.00
2015.00 15154.00
2016.00 15158.00
2017.00 15214.00
2018.00 15215.00
2019.00 15159.00
2020.00 15172.00
2021.00 15165.00
2022.00 15304.00
2023.00 15184.00
2024.00 15210.00
2025.00 15238.00
2026.00 15278.00
2027.00 15289.00
2028.00 15261.00
2029.00 15246.00
2030.00 15333.00
2031.00 15321.00
2032.00 15242.00
2033.00 15312.00
2034.00 15305.00
2035.00 15325.00
2036.00 15343.00
2037.00 15381.00
2038.00 15321.00
2039.00 15358.00
2040.00 15356.00
2041.00 15339.00
2042.00 15369.00
2043.00 15452.00
2044.00 15399.00
2045.00 15353.00
2046.00 15383.00
2047.00 15393.00
2048.00 15386.00
2049.00 15292.00
2050.00 15460.00
2051.00 15381.00
2052.00 15425.00
2053.00 15344.00
2054.00 15387.00
2055.00 15381.00
2056.00 15399.00
2057.00 15379.00
2058.00 15346.00
2059.00 15341.00
2060.00 15363.00
2061.00 15370.00
2062.00 15444.00
2063.00 15404.00
2064.00 15334.00
2065.00 15341.00
2066.00 15281.00
2067.00 15411.00
2068.00 15346.00
2069.00 15380.00
2070.00 15356.00
2071.00 15406.00
2072.00 15363.00
2073.00 15420.00
2074.00 15372.00
2075.00 15410.00
2076.00 15416.00
2077.00 15439.00
2078.00 15413.00
2079.00 15411.00
2080.00 15377.00
2081.00 15435.00
2082.00 15512.00
2083.00 15442.00
2084.00 15459.00
2085.00 15493.00
2086.00 15474.00
2087.00 15475.00
2088.00 15520.00
2089.00 15529.00
2090.00 15518.00
2091.00 15522.00
2092.00 15539.00
2093.00 15615.00
2094.00 15499.00
2095.00 15510.00
2096.00 15520.00
2097.00 15433.00
2098.00 15525.00
2099.00 15467.00
2100.00 15478.00
2101.00 15506.00
2102.00 15482.00
2103.00 15511.00
2104.00 15552.00
2105.00 15572.00
2106.00 15559.00
2107.00 15565.00
2108.00 15597.00
2109.00 15551.00
2110.00 15560.00
2111.00 15509.00
2112.00 15593.00
2113.00 15575.00
2114.00 15599.00
2115.00 15537.00
2116.00 15559.00
2117.00 15574.00
2118.00 15649.00
2119.00 15548.00
2120.00 15582.00
2121.00 15567.00
2122.00 15528.00
2123.00 15547.00
2124.00 15514.00
2125.00 15519.00
2126.00 15570.00
2127.00 15558.00
2128.00 15503.00
2129.00 15570.00
2130.00 15547.00
2131.00 15542.00
2132.00 15490.00
2133.00 15546.00
2134.00 15501.00
2135.00 15532.00
2136.00 15561.00
2137.00 15575.00
2138.00 15524.00
2139.00 15530.00
2140.00 15542.00
2141.00 15559.00
2142.00 15525.00
2143.00 15565.00
2144.00 15525.00
2145.00 15562.00
2146.00 15565.00
2147.00 15521.00
2148.00 15525.00
2149.00 15544.00
2150.00 15560.00
2151.00 15548.00
2152.00 15547.00
2153.00 15568.00
2154.00 15535.00
2155.00 15527.00
2156.00 15517.00
2157.00 15519.00
2158.00 15565.00
2159.00 15545.00
2160.00 15565.00
2161.00 15517.00
2162.00 15488.00
2163.00 15566.00
2164.00 15494.00
2165.00 15448.00
2166.00 15525.00
2167.00 15464.00
2168.00 15493.00
2169.00 15551.00
2170.00 15483.00
2171.00 15504.00
2172.00 15474.00
2173.00 15467.00
2174.00 15437.00
2175.00 15473.00
2176.00 15485.00
2177.00 15386.00
2178.00 15385.00
2179.00 15345.00
2180.00 15473.00
2181.00 15438.00
2182.00 15462.00
2183.00 15485.00
2184.00 15468.00
2185.00 15441.00
2186.00 15433.00
2187.00 15455.00
2188.00 15411.00
2189.00 15498.00
2190.00 15486.00
2191.00 15521.00
2192.00 15404.00
2193.00 15448.00
2194.00 15483.00
2195.00 15463.00
2196.00 15430.00
2197.00 15451.00
2198.00 15463.00
2199.00 15403.00
2200.00 15466.00
2201.00 15502.00
2202.00 15445.00
2203.00 15492.00
2204.00 15401.00
2205.00 15454.00
2206.00 15482.00
2207.00 15456.00
2208.00 15448.00
2209.00 15476.00
2210.00 15433.00
2211.00 15383.00
2212.00 15382.00
2213.00 15376.00
2214.00 15377.00
2215.00 15431.00
2216.00 15366.00
2217.00 15439.00
2218.00 15365.00
2219.00 15380.00
2220.00 15397.00
2221.00 15393.00
2222.00 15339.00
2223.00 15379.00
2224.00 15401.00
2225.00 15365.00
2226.00 15420.00
2227.00 15435.00
2228.00 15480.00
2229.00 15407.00
2230.00 15426.00
2231.00 15442.00
2232.00 15388.00
2233.00 15444.00
2234.00 15452.00
2235.00 15401.00
2236.00 15424.00
2237.00 15451.00
2238.00 15490.00
2239.00 15417.00
2240.00 15441.00
2241.00 15506.00
2242.00 15510.00
2243.00 15464.00
2244.00 15519.00
2245.00 15454.00
2246.00 15414.00
2247.00 15448.00
2248.00 15390.00
2249.00 15368.00
2250.00 15468.00
2251.00 15420.00
2252.00 15477.00
2253.00 15485.00
2254.00 15510.00
2255.00 15428.00
2256.00 15453.00
2257.00 15469.00
2258.00 15470.00
2259.00 15466.00
2260.00 15380.00
2261.00 15435.00
2262.00 15444.00
2263.00 15502.00
2264.00 15451.00
2265.00 15379.00
2266.00 15400.00
2267.00 15394.00
2268.00 15386.00
2269.00 15427.00
2270.00 15504.00
2271.00 15417.00
2272.00 15414.00
2273.00 15489.00
2274.00 15436.00
2275.00 15509.00
2276.00 15459.00
2277.00 15412.00
2278.00 15391.00
2279.00 15479.00
2280.00 15432.00
2281.00 15413.00
2282.00 15433.00
2283.00 15454.00
2284.00 15367.00
2285.00 15459.00
2286.00 15391.00
2287.00 15460.00
2288.00 15418.00
2289.00 15445.00
2290.00 15426.00
2291.00 15435.00
2292.00 15355.00
2293.00 15433.00
2294.00 15414.00
2295.00 15424.00
2296.00 15450.00
2297.00 15455.00
2298.00 15371.00
2299.00 15408.00
2300.00 15425.00
2301.00 15439.00
2302.00 15456.00
2303.00 15435.00
2304.00 15343.00
2305.00 15398.00
2306.00 15402.00
2307.00 15390.00
2308.00 15359.00
2309.00 15389.00
2310.00 15430.00
2311.00 15438.00
2312.00 15421.00
2313.00 15425.00
2314.00 15426.00
2315.00 15446.00
2316.00 15400.00
2317.00 15466.00
2318.00 15408.00
2319.00 15468.00
2320.00 15438.00
2321.00 15407.00
2322.00 15422.00
2323.00 15454.00
2324.00 15425.00
2325.00 15386.00
2326.00 15412.00
2327.00 15415.00
2328.00 15407.00
2329.00 15451.00
2330.00 15404.00
2331.00 15453.00
2332.00 15391.00
2333.00 15471.00
2334.00 15329.00
2335.00 15367.00
2336.00 15366.00
2337.00 15425.00
2338.00 15387.00
2339.00 15404.00
2340.00 15449.00
2341.00 15394.00
2342.00 15458.00
2343.00 15463.00
2344.00 15402.00
2345.00 15457.00
2346.00 15441.00
2347.00 15377.00
2348.00 15466.00
2349.00 15367.00
2350.00 15422.00
2351.00 15422.00
2352.00 15386.00
2353.00 15421.00
2354.00 15423.00
2355.00 15414.00
2356.00 15408.00
2357.00 15409.00
2358.00 15359.00
2359.00 15420.00
2360.00 15412.00
2361.00 15354.00
2362.00 15386.00
2363.00 15383.00
2364.00 15414.00
2365.00 15435.00
2366.00 15394.00
2367.00 15408.00
2368.00 15350.00
2369.00 15423.00
2370.00 15401.00
2371.00 15422.00
2372.00 15352.00
2373.00 15360.00
2374.00 15353.00
2375.00 15360.00
2376.00 15398.00
2377.00 15396.00
2378.00 15413.00
2379.00 15385.00
2380.00 15362.00
2381.00 15367.00
2382.00 15396.00
2383.00 15360.00
2384.00 15345.00
2385.00 15409.00
2386.00 15329.00
2387.00 15394.00
2388.00 15403.00
2389.00 15398.00
2390.00 15384.00
2391.00 15413.00
2392.00 15399.00
2393.00 15490.00
2394.00 15425.00
2395.00 15383.00
2396.00 15447.00
2397.00 15370.00
2398.00 15311.00
2399.00 15373.00
2400.00 15353.00
2401.00 15358.00
2402.00 15335.00
2403.00 15390.00
2404.00 15383.00
2405.00 15389.00
2406.00 15421.00
2407.00 15482.00
2408.00 15478.00
2409.00 15484.00
2410.00 15462.00
2411.00 15430.00
2412.00 15511.00
2413.00 15482.00
2414.00 15472.00
2415.00 15401.00
2416.00 15401.00
2417.00 15438.00
2418.00 15484.00
2419.00 15448.00
2420.00 15439.00
2421.00 15437.00
2422.00 15471.00
2423.00 15454.00
2424.00 15471.00
2425.00 15440.00
2426.00 15467.00
2427.00 15411.00
2428.00 15436.00
2429.00 15473.00
2430.00 15403.00
2431.00 15476.00
2432.00 15387.00
2433.00 15414.00
2434.00 15467.00
2435.00 15502.00
2436.00 15384.00
2437.00 15393.00
2438.00 15416.00
2439.00 15431.00
2440.00 15465.00
2441.00 15453.00
2442.00 15489.00
2443.00 15443.00
2444.00 15463.00
2445.00 15411.00
2446.00 15367.00
2447.00 15441.00
2448.00 15454.00
2449.00 15475.00
2450.00 15474.00
2451.00 15426.00
2452.00 15506.00
2453.00 15508.00
2454.00 15446.00
2455.00 15481.00
2456.00 15464.00
2457.00 15432.00
2458.00 15509.00
2459.00 15461.00
2460.00 15522.00
2461.00 15507.00
2462.00 15525.00
2463.00 15489.00
2464.00 15489.00
2465.00 15431.00
2466.00 15459.00
2467.00 15453.00
2468.00 15450.00
2469.00 15507.00
2470.00 15470.00
2471.00 15447.00
2472.00 15477.00
2473.00 15478.00
2474.00 15488.00
2475.00 15461.00
2476.00 15455.00
2477.00 15557.00
2478.00 15445.00
2479.00 15488.00
2480.00 15537.00
2481.00 15469.00
2482.00 15466.00
2483.00 15538.00
2484.00 15461.00
2485.00 15512.00
2486.00 15436.00
2487.00 15479.00
2488.00 15498.00
2489.00 15466.00
2490.00 15493.00
2491.00 15476.00
2492.00 15520.00
2493.00 15468.00
2494.00 15456.00
2495.00 15485.00
2496.00 15479.00
2497.00 15510.00
2498.00 15492.00
2499.00 15497.00
2500.00 15492.00
