1138.96 3453.60
1138.69 3596.60
1138.43 3595.20
1138.16 3573.80
1137.90 3574.60
1137.63 3563.00
1137.37 3555.00
1137.11 3548.00
1136.84 3539.80
1136.58 3516.60
1136.31 3509.80
1136.05 3511.00
1135.78 3509.40
1135.52 3521.80
1135.25 3509.80
1134.99 3490.20
1134.72 3494.60
1134.46 3481.20
1134.19 3488.00
1133.93 3474.20
1133.66 3494.40
1133.40 3463.60
1133.14 3474.00
1132.87 3458.00
1132.61 3481.40
1132.34 3502.00
1132.08 3489.00
1131.81 3458.20
1131.55 3461.80
1131.28 3465.80
1131.02 3459.00
1130.75 3450.40
1130.49 3447.60
1130.22 3454.60
1129.96 3469.20
1129.69 3453.00
1129.43 3472.60
1129.17 3477.20
1128.90 3458.60
1128.64 3494.80
1128.37 3471.60
1128.11 3475.00
1127.84 3460.00
1127.58 3462.20
1127.31 3472.00
1127.05 3471.20
1126.78 3461.00
1126.52 3451.80
1126.25 3471.20
1125.99 3458.60
1125.72 3438.40
1125.46 3439.60
1125.20 3469.00
1124.93 3446.60
1124.67 3454.20
1124.40 3441.80
1124.14 3461.80
1123.87 3432.00
1123.61 3439.80
1123.34 3446.60
1123.08 3441.60
1122.81 3420.80
1122.55 3439.00
1122.28 3443.20
1122.02 3432.00
1121.75 3417.20
1121.49 3441.40
1121.22 3415.80
1120.96 3458.60
1120.69 3418.40
1120.43 3428.80
1120.17 3419.40
1119.90 3437.40
1119.64 3445.20
1119.37 3430.40
1119.11 3449.40
1118.84 3450.40
1118.58 3438.20
1118.31 3434.40
1118.05 3420.60
1117.78 3430.20
1117.52 3431.40
1117.25 3437.40
1116.99 3427.60
1116.72 3411.20
1116.46 3431.80
1116.19 3445.20
1115.93 3437.40
1115.67 3441.60
1115.40 3422.40
1115.14 3458.80
1114.87 3414.40
1114.61 3396.40
1114.34 3399.40
1114.08 3420.40
1113.81 3429.00
1113.55 3432.00
1113.28 3408.80
1113.02 3425.60
1112.75 3396.80
1112.49 3436.60
1112.22 3423.60
1111.96 3438.40
1111.69 3427.80
1111.43 3427.00
1111.16 3441.20
1110.90 3415.60
1110.63 3417.80
1110.37 3420.60
1110.11 3404.80
1109.84 3395.00
1109.58 3407.40
1109.31 3421.80
1109.05 3384.40
1108.78 3385.80
1108.52 3381.40
1108.25 3406.80
1107.99 3387.60
1107.72 3373.80
1107.46 3360.80
1107.19 3378.80
1106.93 3381.60
1106.66 3378.20
1106.40 3373.20
1106.13 3388.40
1105.87 3398.00
1105.60 3390.00
1105.34 3392.40
1105.07 3369.20
1104.81 3355.60
1104.54 3344.20
1104.28 3376.20
1104.02 3358.80
1103.75 3360.20
1103.49 3362.80
1103.22 3358.00
1102.96 3384.20
1102.69 3372.20
1102.43 3373.20
1102.16 3384.80
1101.90 3369.80
1101.63 3364.40
1101.37 3376.20
1101.10 3385.20
1100.84 3398.40
1100.57 3370.40
1100.31 3372.80
1100.04 3365.40
1099.78 3365.00
1099.51 3354.60
1099.25 3343.20
1098.98 3326.00
1098.72 3330.00
1098.45 3319.20
1098.19 3329.80
1097.92 3318.00
1097.66 3321.40
1097.40 3322.80
1097.13 3325.80
1096.87 3321.60
1096.60 3306.20
1096.34 3338.20
1096.07 3313.20
1095.81 3325.40
1095.54 3309.60
1095.28 3326.00
1095.01 3331.00
1094.75 3324.80
1094.48 3321.20
1094.22 3316.20
1093.95 3331.60
1093.69 3327.20
1093.42 3332.40
1093.16 3307.20
1092.89 3293.80
1092.63 3314.60
1092.36 3307.00
1092.10 3334.40
1091.83 3327.20
1091.57 3340.00
1091.30 3337.60
1091.04 3312.20
1090.77 3314.00
1090.51 3321.40
1090.24 3332.40
1089.98 3274.80
1089.71 3301.00
1089.45 3317.60
1089.19 3298.00
1088.92 3285.60
1088.66 3296.00
1088.39 3280.20
1088.13 3265.00
1087.86 3272.00
1087.60 3257.60
1087.33 3268.80
1087.07 3279.80
1086.80 3276.40
1086.54 3270.80
1086.27 3275.00
1086.01 3257.80
1085.74 3257.40
1085.48 3270.00
1085.21 3256.20
1084.95 3250.60
1084.68 3253.20
1084.42 3243.20
1084.15 3237.00
1083.89 3258.00
1083.62 3254.60
1083.36 3262.80
1083.09 3263.00
1082.83 3263.00
1082.56 3245.80
1082.30 3241.60
1082.03 3260.00
1081.77 3233.60
1081.50 3226.40
1081.24 3215.80
1080.97 3234.20
1080.71 3237.20
1080.44 3211.80
1080.18 3207.00
1079.91 3195.60
1079.65 3198.00
1079.38 3227.40
1079.12 3219.80
1078.85 3212.40
1078.59 3222.20
1078.32 3188.60
1078.06 3216.00
1077.79 3201.80
1077.53 3198.20
1077.27 3195.20
1077.00 3191.40
1076.74 3187.80
1076.47 3189.40
1076.21 3160.80
1075.94 3154.40
1075.68 3180.40
1075.41 3174.00
1075.15 3189.60
1074.88 3168.80
1074.62 3170.60
1074.35 3172.60
1074.09 3178.40
1073.82 3167.80
1073.56 3156.00
1073.29 3181.00
1073.03 3148.80
1072.76 3164.60
1072.50 3149.40
1072.23 3142.20
1071.97 3152.40
1071.70 3156.00
1071.44 3136.00
1071.17 3119.20
1070.91 3149.20
1070.64 3143.20
1070.38 3127.20
1070.11 3146.00
1069.85 3145.40
1069.58 3136.40
1069.32 3130.40
1069.05 3145.20
1068.79 3146.40
1068.52 3125.80
1068.26 3121.80
1067.99 3134.80
1067.73 3115.80
1067.46 3106.80
1067.20 3122.20
1066.93 3122.20
1066.67 3118.80
1066.40 3110.00
1066.14 3108.40
1065.87 3096.60
1065.61 3102.60
1065.34 3108.40
1065.08 3083.80
1064.81 3082.00
1064.55 3086.40
1064.28 3085.60
1064.02 3071.80
1063.75 3066.80
1063.49 3078.40
1063.22 3079.20
1062.96 3074.40
1062.69 3070.60
1062.43 3074.80
1062.16 3086.60
1061.90 3076.00
1061.63 3057.40
1061.37 3061.00
1061.10 3055.20
1060.84 3064.20
1060.57 3063.40
1060.31 3056.60
1060.04 3035.80
1059.78 3034.60
1059.51 3037.00
1059.25 3031.60
1058.98 3033.00
1058.72 3032.80
1058.45 3058.40
1058.19 3037.40
1057.92 3041.60
1057.66 3042.00
1057.39 3020.00
1057.13 3007.20
1056.86 3006.60
1056.60 3007.80
1056.33 3015.40
1056.07 3011.40
1055.80 2995.20
1055.54 2985.20
1055.27 3009.20
1055.01 3018.00
1054.74 3000.00
1054.48 2974.60
1054.21 2973.20
1053.95 2981.60
1053.68 2955.40
1053.42 2974.80
1053.15 2971.00
1052.89 2975.40
1052.62 2963.40
1052.36 2965.40
1052.09 2954.80
1051.83 2933.60
1051.56 2924.20
1051.30 2930.20
1051.03 2915.00
1050.77 2919.20
1050.50 2929.20
1050.24 2924.40
1049.97 2942.80
1049.71 2933.80
1049.44 2938.00
1049.18 2935.80
1048.91 2929.40
1048.65 2920.60
1048.38 2941.00
1048.12 2932.80
1047.85 2935.60
1047.59 2927.20
1047.32 2911.00
1047.06 2938.20
1046.79 2910.80
1046.53 2921.60
1046.26 2904.20
1046.00 2913.40
1045.73 2903.40
1045.47 2861.80
1045.20 2886.40
1044.94 2889.40
1044.67 2901.20
1044.41 2872.40
1044.14 2884.60
1043.88 2883.00
1043.61 2899.40
1043.35 2869.00
1043.08 2877.20
1042.82 2878.40
1042.55 2908.60
1042.29 2894.20
1042.02 2891.80
1041.76 2853.00
1041.49 2851.00
1041.23 2869.60
1040.96 2859.60
1040.70 2840.80
1040.43 2849.00
1040.16 2829.80
1039.90 2836.60
1039.63 2847.60
1039.37 2825.40
1039.10 2826.60
1038.84 2849.80
1038.57 2857.40
1038.31 2832.00
1038.04 2842.00
1037.78 2828.20
1037.51 2838.60
1037.25 2806.40
1036.98 2812.40
1036.72 2817.40
1036.45 2850.20
1036.19 2812.40
1035.92 2823.60
1035.66 2820.40
1035.39 2833.80
1035.13 2830.00
1034.86 2825.80
1034.60 2830.00
1034.33 2823.20
1034.07 2825.60
1033.80 2790.60
1033.54 2788.60
1033.27 2796.80
1033.01 2778.20
1032.74 2789.20
1032.48 2793.40
1032.21 2796.60
1031.95 2790.20
1031.68 2788.20
1031.42 2772.40
1031.15 2789.20
1030.89 2782.00
1030.62 2782.80
1030.36 2772.20
1030.09 2780.00
1029.83 2763.60
1029.56 2795.60
1029.30 2781.80
1029.03 2773.00
1028.77 2757.80
1028.50 2767.20
1028.23 2768.40
1027.97 2772.80
1027.70 2787.00
1027.44 2787.80
1027.17 2762.60
1026.91 2756.40
1026.64 2767.20
1026.38 2764.40
1026.11 2755.60
1025.85 2767.20
1025.58 2754.40
1025.32 2748.00
1025.05 2754.00
1024.79 2775.80
1024.52 2763.40
1024.26 2754.00
1023.99 2739.00
1023.73 2725.60
1023.46 2733.40
1023.20 2737.60
1022.93 2742.80
1022.67 2720.20
1022.40 2733.80
1022.14 2710.60
1021.87 2709.60
1021.61 2730.20
1021.34 2725.40
1021.08 2728.40
1020.81 2722.20
1020.55 2707.80
1020.28 2680.20
1020.02 2728.40
1019.75 2699.20
1019.48 2705.80
1019.22 2699.80
1018.95 2690.00
1018.69 2714.20
1018.42 2710.60
1018.16 2690.40
1017.89 2702.00
1017.63 2710.80
1017.36 2696.00
1017.10 2693.80
1016.83 2691.00
1016.57 2680.80
1016.30 2690.60
1016.04 2688.80
1015.77 2708.60
1015.51 2691.60
1015.24 2696.40
1014.98 2700.80
1014.71 2697.40
1014.45 2693.00
1014.18 2691.00
1013.92 2702.00
1013.65 2687.40
1013.39 2686.40
1013.12 2704.20
1012.85 2688.60
1012.59 2684.80
1012.32 2684.20
1012.06 2685.80
1011.79 2679.60
1011.53 2685.80
1011.26 2676.40
1011.00 2668.40
1010.73 2669.80
1010.47 2678.60
1010.20 2674.00
1009.94 2673.40
1009.67 2648.00
1009.41 2660.80
1009.14 2661.40
1008.88 2652.40
1008.61 2634.00
1008.35 2655.80
1008.08 2627.40
1007.82 2647.40
1007.55 2617.20
1007.29 2638.80
1007.02 2643.20
1006.75 2653.60
1006.49 2631.20
1006.22 2637.00
1005.96 2645.40
1005.69 2640.40
1005.43 2648.80
1005.16 2658.80
1004.90 2651.20
1004.63 2659.00
1004.37 2633.80
1004.10 2626.60
1003.84 2642.40
1003.57 2639.40
1003.31 2636.80
1003.04 2638.20
1002.78 2622.40
1002.51 2620.40
1002.25 2615.60
1001.98 2603.80
1001.71 2613.80
1001.45 2597.60
1001.18 2594.40
1000.92 2616.00
1000.65 2613.80
1000.39 2589.20
1000.12 2592.40
999.86 2602.20
999.59 2610.40
999.33 2594.80
999.06 2583.60
998.80 2605.60
998.53 2593.40
998.27 2583.00
998.00 2602.00
997.74 2599.80
997.47 2583.40
997.21 2595.00
996.94 2583.40
996.67 2586.40
996.41 2582.40
996.14 2583.40
995.88 2590.60
995.61 2569.00
995.35 2584.20
995.08 2573.40
994.82 2584.20
994.55 2574.40
994.29 2573.40
994.02 2574.20
993.76 2597.40
993.49 2579.00
993.23 2581.20
992.96 2588.80
992.70 2589.20
992.43 2573.00
992.16 2593.20
991.90 2590.00
991.63 2580.80
991.37 2582.40
991.10 2575.60
990.84 2583.80
990.57 2592.20
990.31 2572.00
990.04 2566.80
989.78 2562.20
989.51 2559.80
989.25 2561.20
988.98 2572.60
988.72 2574.40
988.45 2571.40
988.19 2592.80
987.92 2573.20
987.65 2602.40
987.39 2611.20
987.12 2596.80
986.86 2581.60
986.59 2584.20
986.33 2590.20
986.06 2593.20
985.80 2578.80
985.53 2606.40
985.27 2600.20
985.00 2602.80
984.74 2617.20
984.47 2613.20
984.21 2626.60
983.94 2623.80
983.67 2628.60
983.41 2612.80
983.14 2615.80
982.88 2624.80
982.61 2647.20
982.35 2656.20
982.08 2640.60
981.82 2647.40
981.55 2653.80
981.29 2639.00
981.02 2649.40
980.76 2634.20
980.49 2642.40
980.22 2642.40
979.96 2635.80
979.69 2659.20
979.43 2658.60
979.16 2656.60
978.90 2662.00
978.63 2673.00
978.37 2684.20
978.10 2679.40
977.84 2676.80
977.57 2665.80
977.31 2643.20
977.04 2662.00
976.78 2652.00
976.51 2660.40
976.24 2657.20
975.98 2672.20
975.71 2657.00
975.45 2678.40
975.18 2669.80
974.92 2654.20
974.65 2700.80
974.39 2708.80
974.12 2699.80
973.86 2723.00
973.59 2712.20
973.33 2697.40
973.06 2695.00
972.79 2721.60
972.53 2712.00
972.26 2720.60
972.00 2732.00
971.73 2755.60
971.47 2737.60
971.20 2745.00
970.94 2753.00
970.67 2736.00
970.41 2733.60
970.14 2749.20
969.87 2748.00
969.61 2756.00
969.34 2755.80
969.08 2758.00
968.81 2751.60
968.55 2755.60
968.28 2752.00
968.02 2743.40
967.75 2756.60
967.49 2757.20
967.22 2737.00
966.96 2753.00
966.69 2749.40
966.42 2764.40
966.16 2750.80
965.89 2758.20
965.63 2762.40
965.36 2758.00
965.10 2745.00
964.83 2763.20
964.57 2782.40
964.30 2782.40
964.04 2804.80
963.77 2799.60
963.50 2810.80
963.24 2823.40
962.97 2817.40
962.71 2804.00
962.44 2814.80
962.18 2789.20
961.91 2794.00
961.65 2789.20
961.38 2778.60
961.12 2791.60
960.85 2788.40
960.59 2792.00
960.32 2797.00
960.05 2789.80
959.79 2815.80
959.52 2803.00
959.26 2811.20
958.99 2806.00
958.73 2812.00
958.46 2820.60
958.20 2806.00
957.93 2811.40
957.67 2808.00
957.40 2835.80
957.13 2826.80
956.87 2830.60
956.60 2812.20
956.34 2805.40
956.07 2832.60
955.81 2820.20
955.54 2804.20
955.28 2805.60
955.01 2794.60
954.74 2793.60
954.48 2801.40
954.21 2804.40
953.95 2807.60
953.68 2805.40
953.42 2802.60
953.15 2775.40
952.89 2771.60
952.62 2769.00
952.36 2772.60
952.09 2762.40
951.82 2761.00
951.56 2767.80
951.29 2759.20
951.03 2759.60
950.76 2747.20
950.50 2743.80
950.23 2765.00
949.97 2746.80
949.70 2738.40
949.44 2751.60
949.17 2760.00
948.90 2753.20
948.64 2759.00
948.37 2765.60
948.11 2757.20
947.84 2763.40
947.58 2771.60
947.31 2761.40
947.05 2765.00
946.78 2767.80
946.51 2782.00
946.25 2747.20
945.98 2774.00
945.72 2766.20
945.45 2794.40
945.19 2782.00
944.92 2790.20
944.66 2788.60
944.39 2822.20
944.13 2812.60
943.86 2803.60
943.59 2838.20
943.33 2832.80
943.06 2838.40
942.80 2865.60
942.53 2880.20
942.27 2888.20
942.00 2912.00
941.74 2908.60
941.47 2910.00
941.20 2930.20
940.94 2921.00
940.67 2945.00
940.41 2961.80
940.14 2984.00
939.88 3004.40
939.61 3017.20
939.35 3054.40
939.08 3060.40
938.81 3096.20
938.55 3123.40
938.28 3157.20
938.02 3198.00
937.75 3218.60
937.49 3250.20
937.22 3281.00
936.96 3299.00
936.69 3316.20
936.42 3338.00
936.16 3338.00
935.89 3368.20
935.63 3386.00
935.36 3407.20
935.10 3420.00
934.83 3435.40
934.57 3442.20
934.30 3444.60
934.03 3483.40
933.77 3494.80
933.50 3522.00
933.24 3525.00
932.97 3536.20
932.71 3532.60
932.44 3561.20
932.18 3563.40
931.91 3556.00
931.64 3597.20
931.38 3588.20
931.11 3594.20
930.85 3585.60
930.58 3594.60
930.32 3611.00
930.05 3609.00
929.79 3607.80
929.52 3583.40
929.25 3587.00
928.99 3615.40
928.72 3655.60
928.46 3666.80
928.19 3685.60
927.93 3677.20
927.66 3718.60
927.39 3701.40
927.13 3746.20
926.86 3752.40
926.60 3730.60
926.33 3734.20
926.07 3728.00
925.80 3774.60
925.54 3756.00
925.27 3759.60
925.00 3745.60
924.74 3792.00
924.47 3786.80
924.21 3807.40
923.94 3818.80
923.68 3796.20
923.41 3798.40
923.14 3797.60
922.88 3769.80
922.61 3804.20
922.35 3802.80
922.08 3789.20
921.82 3814.40
921.55 3813.80
921.29 3831.80
921.02 3830.00
920.75 3843.00
920.49 3839.60
920.22 3858.20
919.96 3890.60
919.69 3885.00
919.43 3875.20
919.16 3874.40
918.89 3883.80
918.63 3882.40
918.36 3900.20
918.10 3866.60
917.83 3866.40
917.57 3878.20
917.30 3892.40
917.04 3887.60
916.77 3900.80
916.50 3899.00
916.24 3928.40
915.97 3903.60
915.71 3922.20
915.44 3915.60
915.18 3928.00
914.91 3907.60
914.64 3931.20
914.38 3949.00
914.11 3931.20
913.85 3968.40
913.58 3986.40
913.32 3998.00
913.05 3971.40
912.78 3987.60
912.52 3986.80
912.25 3994.80
911.99 3981.40
911.72 3987.80
911.46 3998.80
911.19 3983.80
910.93 4010.00
910.66 3970.40
910.39 4015.20
910.13 4007.80
909.86 4027.60
909.60 4017.20
909.33 4039.80
909.07 4027.80
908.80 4013.80
908.53 3994.80
908.27 3989.40
908.00 4008.60
907.74 4040.60
907.47 4030.40
907.21 4065.20
906.94 4035.80
906.67 4056.00
906.41 4023.80
906.14 4044.40
905.88 4048.80
905.61 4069.60
905.35 4068.60
905.08 4103.20
904.81 4103.00
904.55 4086.20
904.28 4089.40
904.02 4093.20
903.75 4092.20
903.49 4105.60
903.22 4080.80
902.95 4079.60
902.69 4078.00
902.42 4065.20
902.16 4051.20
901.89 4048.40
901.63 4032.20
901.36 4064.00
901.09 4057.60
900.83 4085.40
900.56 4073.00
900.30 4079.60
900.03 4079.00
899.77 4066.80
899.50 4052.20
899.23 4076.40
898.97 4046.40
898.70 4047.60
898.44 4038.40
898.17 4062.80
897.91 4059.60
897.64 4070.60
897.37 4106.60
897.11 4091.40
896.84 4091.80
896.58 4146.20
896.31 4121.00
896.05 4120.00
895.78 4104.00
895.51 4146.40
895.25 4140.80
894.98 4186.20
894.72 4188.60
894.45 4207.40
894.19 4217.20
893.92 4246.80
893.65 4279.20
893.39 4275.00
893.12 4321.00
892.86 4319.80
892.59 4336.20
892.33 4360.60
892.06 4365.20
891.79 4377.20
891.53 4362.60
891.26 4365.60
891.00 4354.20
890.73 4346.00
890.46 4367.40
890.20 4356.40
889.93 4383.60
889.67 4356.00
889.40 4324.60
889.14 4365.80
888.87 4360.00
888.60 4382.80
888.34 4395.40
888.07 4381.40
887.81 4379.40
887.54 4350.60
887.28 4351.00
887.01 4379.60
886.74 4379.60
886.48 4410.00
886.21 4413.40
885.95 4433.40
885.68 4422.20
885.42 4474.40
885.15 4475.00
884.88 4497.80
884.62 4482.00
884.35 4509.40
884.09 4508.40
883.82 4528.00
883.55 4546.80
883.29 4521.40
883.02 4554.20
882.76 4551.40
882.49 4539.40
882.23 4572.20
881.96 4565.60
881.69 4609.60
881.43 4607.80
881.16 4639.20
880.90 4614.60
880.63 4638.40
880.36 4631.20
880.10 4653.40
879.83 4668.20
879.57 4724.40
879.30 4714.00
879.04 4762.40
878.77 4760.20
878.50 4802.20
878.24 4796.80
877.97 4833.60
877.71 4836.00
877.44 4851.40
877.17 4867.80
876.91 4892.40
876.64 4905.60
876.38 4920.60
876.11 4932.00
875.85 4931.00
875.58 4942.40
875.31 4962.20
875.05 4978.20
874.78 4986.00
874.52 4997.60
874.25 5014.80
873.98 5033.40
873.72 5061.80
873.45 5067.60
873.19 5118.80
872.92 5119.60
872.66 5157.00
872.39 5175.60
872.12 5182.80
871.86 5158.20
871.59 5155.00
871.33 5191.20
871.06 5233.00
870.79 5219.20
870.53 5269.00
870.26 5280.40
870.00 5314.80
869.73 5358.80
869.47 5375.40
869.20 5404.80
868.93 5429.80
868.67 5449.20
868.40 5525.80
868.14 5489.40
867.87 5543.80
867.60 5560.80
867.34 5627.60
867.07 5591.00
866.81 5626.00
866.54 5594.40
866.28 5646.80
866.01 5622.20
865.74 5691.20
865.48 5703.60
865.21 5673.00
864.95 5696.80
864.68 5743.40
864.41 5720.00
864.15 5753.80
863.88 5764.60
863.62 5783.40
863.35 5779.20
863.08 5813.20
862.82 5824.80
862.55 5849.80
862.29 5903.40
862.02 5982.40
861.76 5991.40
861.49 6035.40
861.22 6088.20
860.96 6117.40
860.69 6162.60
860.43 6222.00
860.16 6261.00
859.89 6262.00
859.63 6245.40
859.36 6283.20
859.10 6262.40
858.83 6289.20
858.56 6270.60
858.30 6313.00
858.03 6305.00
857.77 6337.80
857.50 6312.60
857.23 6343.20
856.97 6344.80
856.70 6389.60
856.44 6444.60
856.17 6466.40
855.90 6496.40
855.64 6549.40
855.37 6576.40
855.11 6602.20
854.84 6622.60
854.58 6631.40
854.31 6646.40
854.04 6671.40
853.78 6680.80
853.51 6697.00
853.25 6709.40
852.98 6762.60
852.71 6750.40
852.45 6756.20
852.18 6797.60
851.92 6845.60
851.65 6881.80
851.38 6901.80
851.12 6959.80
850.85 7041.80
850.59 7066.60
850.32 7169.40
850.05 7170.60
849.79 7231.60
849.52 7240.00
849.26 7288.40
848.99 7322.20
848.72 7373.40
848.46 7363.00
848.19 7407.00
847.93 7429.60
847.66 7499.00
847.39 7504.80
847.13 7535.40
846.86 7528.20
846.60 7562.20
846.33 7550.40
846.06 7655.00
845.80 7687.00
845.53 7719.60
845.27 7718.60
845.00 7793.20
844.74 7770.80
844.47 7893.60
844.20 7906.40
843.94 7957.80
843.67 8007.40
843.41 8068.00
843.14 8086.80
842.87 8148.40
842.61 8119.00
842.34 8158.20
842.08 8191.20
841.81 8252.80
841.54 8229.20
841.28 8233.20
841.01 8200.00
840.75 8239.20
840.48 8269.80
840.21 8318.40
839.95 8329.40
839.68 8413.60
839.42 8397.40
839.15 8503.60
838.88 8528.40
838.62 8578.80
838.35 8631.20
838.09 8694.20
837.82 8679.00
837.55 8772.00
837.29 8779.20
837.02 8858.80
836.76 8836.60
836.49 8931.40
836.22 8935.20
835.96 8998.40
835.69 9071.80
835.43 9103.40
835.16 9133.60
834.89 9192.60
834.63 9194.80
834.36 9216.20
834.10 9245.00
833.83 9304.00
833.56 9303.80
833.30 9356.20
833.03 9372.60
832.77 9424.80
832.50 9397.80
832.23 9417.80
831.97 9400.80
831.70 9419.40
831.43 9431.80
831.17 9475.20
830.90 9516.60
830.64 9589.00
830.37 9631.80
830.10 9693.80
829.84 9737.00
829.57 9814.80
829.31 9888.60
829.04 9940.80
828.77 9976.00
828.51 9979.00
828.24 10038.40
827.98 10073.40
827.71 10111.60
827.44 10226.40
827.18 10339.00
826.91 10384.60
826.65 10425.20
826.38 10526.60
826.11 10483.00
825.85 10586.80
825.58 10550.00
825.32 10563.60
825.05 10620.20
824.78 10714.20
824.52 10704.40
824.25 10746.20
823.99 10819.20
823.72 10861.20
823.45 10947.60
823.19 10999.80
822.92 11004.80
822.66 11028.00
822.39 11030.40
822.12 11028.00
821.86 11029.80
821.59 11040.40
821.32 11045.60
821.06 11163.60
820.79 11179.60
820.53 11285.60
820.26 11333.20
819.99 11427.20
819.73 11497.40
819.46 11555.00
819.20 11593.80
818.93 11706.40
818.66 11732.20
818.40 11812.80
818.13 11838.20
817.87 11963.40
817.60 12018.40
817.33 12028.20
817.07 12052.60
816.80 12034.00
816.54 12056.00
816.27 12131.80
816.00 12203.20
815.74 12288.40
815.47 12286.40
815.20 12342.80
814.94 12372.40
814.67 12463.00
814.41 12456.80
814.14 12514.20
813.87 12537.20
813.61 12616.80
813.34 12643.60
813.08 12708.60
812.81 12748.40
812.54 12819.60
812.28 12881.40
812.01 12920.00
811.75 12965.20
811.48 13007.20
811.21 13037.80
810.95 13094.20
810.68 13188.80
810.41 13265.20
810.15 13282.60
809.88 13384.40
809.62 13414.40
809.35 13418.60
809.08 13495.80
808.82 13581.20
808.55 13627.60
808.29 13736.20
808.02 13813.40
807.75 13876.80
807.49 13941.00
807.22 13995.20
806.95 14001.40
806.69 14040.80
806.42 14033.80
806.16 14041.80
805.89 14060.40
805.62 14071.00
805.36 14178.00
805.09 14200.40
804.83 14177.60
804.56 14229.20
804.29 14224.00
804.03 14297.00
803.76 14372.40
803.49 14433.60
803.23 14448.00
802.96 14567.00
802.70 14543.40
802.43 14600.00
802.16 14625.20
801.90 14735.20
801.63 14769.00
801.37 14849.60
801.10 14918.60
800.83 14984.40
800.57 15020.60
800.30 15119.40
800.03 15145.80
799.77 15211.80
799.50 15248.40
799.24 15313.40
798.97 15371.00
798.70 15468.20
798.44 15540.80
798.17 15614.00
797.90 15662.60
797.64 15739.80
797.37 15746.20
797.11 15780.80
796.84 15828.60
796.57 15881.80
796.31 15861.40
796.04 15908.60
795.78 15924.20
795.51 15989.40
795.24 16055.60
794.98 16099.20
794.71 16138.80
794.44 16183.20
794.18 16158.20
793.91 16161.00
793.65 16095.20
793.38 16069.00
793.11 16035.60
792.85 16019.00
792.58 15943.80
792.31 15968.40
792.05 15913.00
791.78 15991.20
791.52 16009.20
791.25 16105.80
790.98 16126.40
790.72 16136.80
790.45 16171.80
790.19 16226.60
789.92 16205.80
789.65 16252.20
789.39 16314.60
789.12 16339.20
788.85 16356.80
788.59 16361.60
788.32 16382.40
788.06 16383.00
787.79 16383.00
787.52 16383.00
787.26 16383.00
786.99 16383.00
786.72 16383.00
786.46 16383.00
786.19 16383.00
785.93 16383.00
785.66 16383.00
785.39 16383.00
785.13 16383.00
784.86 16383.00
784.59 16383.00
784.33 16383.00
784.06 16383.00
783.80 16383.00
783.53 16383.00
783.26 16383.00
783.00 16383.00
782.73 16383.00
782.46 16383.00
782.20 16383.00
781.93 16383.00
781.67 16383.00
781.40 16383.00
781.13 16383.00
780.87 16383.00
780.60 16383.00
780.33 16383.00
780.07 16383.00
779.80 16383.00
779.54 16383.00
779.27 16383.00
779.00 16383.00
778.74 16383.00
778.47 16383.00
778.20 16383.00
777.94 16383.00
777.67 16383.00
777.40 16383.00
777.14 16383.00
776.87 16383.00
776.61 16383.00
776.34 16383.00
776.07 16383.00
775.81 16383.00
775.54 16383.00
775.27 16383.00
775.01 16383.00
774.74 16383.00
774.48 16383.00
774.21 16383.00
773.94 16383.00
773.68 16383.00
773.41 16383.00
773.14 16383.00
772.88 16383.00
772.61 16383.00
772.35 16383.00
772.08 16383.00
771.81 16383.00
771.55 16383.00
771.28 16383.00
771.01 16383.00
770.75 16383.00
770.48 16383.00
770.21 16383.00
769.95 16383.00
769.68 16383.00
769.42 16383.00
769.15 16383.00
768.88 16383.00
768.62 16383.00
768.35 16383.00
768.08 16383.00
767.82 16383.00
767.55 16383.00
767.29 16383.00
767.02 16383.00
766.75 16383.00
766.49 16383.00
766.22 16383.00
765.95 16383.00
765.69 16383.00
765.42 16383.00
765.15 16383.00
764.89 16383.00
764.62 16383.00
764.36 16383.00
764.09 16383.00
763.82 16383.00
763.56 16383.00
763.29 16383.00
763.02 16383.00
762.76 16383.00
762.49 16383.00
762.23 16383.00
761.96 16383.00
761.69 16383.00
761.43 16383.00
761.16 16383.00
760.89 16383.00
760.63 16383.00
760.36 16383.00
760.09 16383.00
759.83 16383.00
759.56 16383.00
759.30 16383.00
759.03 16383.00
758.76 16383.00
758.50 16383.00
758.23 16383.00
757.96 16383.00
757.70 16383.00
757.43 16383.00
757.16 16383.00
756.90 16383.00
756.63 16383.00
756.37 16383.00
756.10 16383.00
755.83 16383.00
755.57 16383.00
755.30 16383.00
755.03 16383.00
754.77 16383.00
754.50 16383.00
754.23 16383.00
753.97 16383.00
753.70 16383.00
753.43 16383.00
753.17 16383.00
752.90 16383.00
752.64 16383.00
752.37 16383.00
752.10 16383.00
751.84 16383.00
751.57 16383.00
751.30 16383.00
751.04 16383.00
750.77 16383.00
750.50 16383.00
750.24 16383.00
749.97 16383.00
749.71 16383.00
749.44 16383.00
749.17 16383.00
748.91 16383.00
748.64 16383.00
748.37 16383.00
748.11 16383.00
747.84 16383.00
747.57 16383.00
747.31 16383.00
747.04 16383.00
746.77 16383.00
746.51 16383.00
746.24 16383.00
745.98 16383.00
745.71 16383.00
745.44 16383.00
745.18 16383.00
744.91 16383.00
744.64 16383.00
744.38 16383.00
744.11 16383.00
743.84 16383.00
743.58 16383.00
743.31 16383.00
743.04 16383.00
742.78 16383.00
742.51 16383.00
742.25 16383.00
741.98 16383.00
741.71 16383.00
741.45 16383.00
741.18 16383.00
740.91 16383.00
740.65 16383.00
740.38 16383.00
740.11 16383.00
739.85 16383.00
739.58 16383.00
739.31 16383.00
739.05 16383.00
738.78 16383.00
738.52 16383.00
738.25 16383.00
737.98 16383.00
737.72 16383.00
737.45 16383.00
737.18 16383.00
736.92 16383.00
736.65 16383.00
736.38 16383.00
736.12 16383.00
735.85 16383.00
735.58 16383.00
735.32 16383.00
735.05 16383.00
734.78 16383.00
734.52 16383.00
734.25 16383.00
733.99 16383.00
733.72 16383.00
733.45 16383.00
733.19 16383.00
732.92 16383.00
732.65 16383.00
732.39 16383.00
732.12 16383.00
731.85 16383.00
731.59 16383.00
731.32 16383.00
731.05 16383.00
730.79 16383.00
730.52 16383.00
730.25 16383.00
729.99 16383.00
729.72 16383.00
729.45 16383.00
729.19 16383.00
728.92 16383.00
728.66 16383.00
728.39 16383.00
728.12 16383.00
727.86 16383.00
727.59 16383.00
727.32 16383.00
727.06 16383.00
726.79 16383.00
726.52 16383.00
726.26 16383.00
725.99 16383.00
725.72 16383.00
725.46 16383.00
725.19 16383.00
724.92 16383.00
724.66 16383.00
724.39 16383.00
724.12 16383.00
723.86 16383.00
723.59 16383.00
723.33 16383.00
723.06 16383.00
722.79 16383.00
722.53 16383.00
722.26 16383.00
721.99 16383.00
721.73 16383.00
721.46 16383.00
721.19 16383.00
720.93 16383.00
720.66 16383.00
720.39 16383.00
720.13 16383.00
719.86 16383.00
719.59 16383.00
719.33 16383.00
719.06 16383.00
718.79 16383.00
718.53 16383.00
718.26 16383.00
717.99 16383.00
717.73 16383.00
717.46 16383.00
717.19 16383.00
716.93 16383.00
716.66 16383.00
716.40 16383.00
716.13 16383.00
715.86 16383.00
715.60 16383.00
715.33 16383.00
715.06 16383.00
714.80 16383.00
714.53 16383.00
714.26 16383.00
714.00 16383.00
713.73 16383.00
713.46 16383.00
713.20 16383.00
712.93 16383.00
712.66 16383.00
712.40 16383.00
712.13 16383.00
711.86 16383.00
711.60 16383.00
711.33 16383.00
711.06 16383.00
710.80 16383.00
710.53 16383.00
710.26 16383.00
710.00 16383.00
709.73 16383.00
709.46 16383.00
709.20 16383.00
708.93 16383.00
708.66 16383.00
708.40 16383.00
708.13 16383.00
707.86 16383.00
707.60 16383.00
707.33 16383.00
707.06 16383.00
706.80 16383.00
706.53 16383.00
706.27 16383.00
706.00 16383.00
705.73 16383.00
705.47 16383.00
705.20 16383.00
704.93 16383.00
704.67 16383.00
704.40 16383.00
704.13 16383.00
703.87 16383.00
703.60 16383.00
703.33 16383.00
703.07 16383.00
702.80 16383.00
702.53 16383.00
702.27 16383.00
702.00 16383.00
701.73 16383.00
701.47 16383.00
701.20 16383.00
700.93 16383.00
700.67 16383.00
700.40 16383.00
700.13 16383.00
699.87 16383.00
699.60 16383.00
699.33 16383.00
699.07 16383.00
698.80 16383.00
698.53 16383.00
698.27 16383.00
698.00 16383.00
697.73 16383.00
697.47 16383.00
697.20 16383.00
696.93 16383.00
696.67 16383.00
696.40 16383.00
696.13 16383.00
695.87 16383.00
695.60 16383.00
695.33 16383.00
695.07 16383.00
694.80 16383.00
694.53 16383.00
694.27 16383.00
694.00 16383.00
693.73 16383.00
693.47 16383.00
693.20 16383.00
692.93 16383.00
692.67 16383.00
692.40 16383.00
692.13 16383.00
691.87 16383.00
691.60 16383.00
691.33 16383.00
691.07 16383.00
690.80 16383.00
690.53 16383.00
690.27 16383.00
690.00 16383.00
689.73 16383.00
689.47 16383.00
689.20 16383.00
688.93 16383.00
688.67 16383.00
688.40 16383.00
688.13 16383.00
687.87 16383.00
687.60 16383.00
687.33 16383.00
687.07 16383.00
686.80 16383.00
686.53 16383.00
686.27 16383.00
686.00 16383.00
685.73 16383.00
685.47 16383.00
685.20 16383.00
684.93 16383.00
684.67 16383.00
684.40 16383.00
684.13 16383.00
683.87 16383.00
683.60 16383.00
683.33 16383.00
683.07 16383.00
682.80 16383.00
682.53 16383.00
682.27 16383.00
682.00 16383.00
681.73 16383.00
681.47 16383.00
681.20 16383.00
680.93 16383.00
680.67 16383.00
680.40 16383.00
680.13 16383.00
679.87 16383.00
679.60 16383.00
679.33 16383.00
679.07 16383.00
678.80 16383.00
678.53 16383.00
678.27 16383.00
678.00 16383.00
677.73 16383.00
677.47 16383.00
677.20 16383.00
676.93 16383.00
676.66 16383.00
676.40 16383.00
676.13 16383.00
675.86 16383.00
675.60 16383.00
675.33 16383.00
675.06 16383.00
674.80 16383.00
674.53 16383.00
674.26 16383.00
674.00 16383.00
673.73 16383.00
673.46 16383.00
673.20 16383.00
672.93 16383.00
672.66 16383.00
672.40 16383.00
672.13 16383.00
671.86 16383.00
671.60 16383.00
671.33 16383.00
671.06 16383.00
670.80 16383.00
670.53 16383.00
670.26 16383.00
670.00 16383.00
669.73 16383.00
669.46 16383.00
669.20 16383.00
668.93 16383.00
668.66 16383.00
668.40 16383.00
668.13 16383.00
667.86 16383.00
667.60 16383.00
667.33 16383.00
667.06 16383.00
666.79 16383.00
666.53 16383.00
666.26 16383.00
665.99 16383.00
665.73 16383.00
665.46 16383.00
665.19 16383.00
664.93 16383.00
664.66 16383.00
664.39 16383.00
664.13 16383.00
663.86 16383.00
663.59 16383.00
663.33 16383.00
663.06 16383.00
662.79 16383.00
662.53 16383.00
662.26 16383.00
661.99 16383.00
661.73 16383.00
661.46 16383.00
661.19 16383.00
660.93 16383.00
660.66 16383.00
660.39 16383.00
660.12 16383.00
659.86 16383.00
659.59 16383.00
659.32 16383.00
659.06 16383.00
658.79 16383.00
658.52 16383.00
658.26 16383.00
657.99 16383.00
657.72 16383.00
657.46 16383.00
657.19 16383.00
656.92 16383.00
656.66 16383.00
656.39 16383.00
656.12 16383.00
655.86 16383.00
655.59 16383.00
655.32 16383.00
655.06 16383.00
654.79 16383.00
654.52 16383.00
654.25 16383.00
653.99 16383.00
653.72 16383.00
653.45 16383.00
653.19 16383.00
652.92 16383.00
652.65 16383.00
652.39 16383.00
652.12 16383.00
651.85 16383.00
651.59 16383.00
651.32 16383.00
651.05 16383.00
650.79 16383.00
650.52 16383.00
650.25 16383.00
649.99 16383.00
649.72 16383.00
649.45 16383.00
649.18 16383.00
648.92 16383.00
648.65 16383.00
648.38 16383.00
648.12 16383.00
647.85 16383.00
647.58 16383.00
647.32 16383.00
647.05 16383.00
646.78 16383.00
646.52 16383.00
646.25 16383.00
645.98 16383.00
645.72 16383.00
645.45 16383.00
645.18 16383.00
644.91 16383.00
644.65 16383.00
644.38 16383.00
644.11 16383.00
643.85 16383.00
643.58 16383.00
643.31 16383.00
643.05 16383.00
642.78 16383.00
642.51 16383.00
642.25 16383.00
641.98 16383.00
641.71 16383.00
641.45 16383.00
641.18 16383.00
640.91 16383.00
640.64 16383.00
640.38 16383.00
640.11 16383.00
639.84 16383.00
639.58 16383.00
639.31 16383.00
639.04 16383.00
638.78 16383.00
638.51 16383.00
638.24 16383.00
637.98 16383.00
637.71 16383.00
637.44 16383.00
637.17 16383.00
636.91 16383.00
636.64 16383.00
636.37 16383.00
636.11 16383.00
635.84 16383.00
635.57 16383.00
635.31 16383.00
635.04 16383.00
634.77 16383.00
634.51 16383.00
634.24 16383.00
633.97 16383.00
633.70 16383.00
633.44 16383.00
633.17 16383.00
632.90 16383.00
632.64 16383.00
632.37 16383.00
632.10 16383.00
631.84 16383.00
631.57 16383.00
631.30 16383.00
631.04 16383.00
630.77 16383.00
630.50 16383.00
630.23 16383.00
629.97 16383.00
629.70 16383.00
629.43 16383.00
629.17 16383.00
628.90 16383.00
628.63 16383.00
628.37 16383.00
628.10 16383.00
627.83 16383.00
627.56 16383.00
627.30 16383.00
627.03 16383.00
626.76 16383.00
626.50 16383.00
626.23 16383.00
625.96 16383.00
625.70 16383.00
625.43 16383.00
625.16 16383.00
624.90 16383.00
624.63 16383.00
624.36 16383.00
624.09 16383.00
623.83 16383.00
623.56 16383.00
623.29 16383.00
623.03 16383.00
622.76 16383.00
622.49 16383.00
622.23 16383.00
621.96 16383.00
621.69 16383.00
621.42 16383.00
621.16 16383.00
620.89 16383.00
620.62 16383.00
620.36 16383.00
620.09 16383.00
619.82 16383.00
619.56 16383.00
619.29 16383.00
619.02 16383.00
618.75 16383.00
618.49 16383.00
618.22 16383.00
617.95 16383.00
617.69 16383.00
617.42 16383.00
617.15 16383.00
616.89 16383.00
616.62 16383.00
616.35 16383.00
616.08 16383.00
615.82 16383.00
615.55 16383.00
615.28 16383.00
615.02 16383.00
614.75 16383.00
614.48 16383.00
614.22 16383.00
613.95 16383.00
613.68 16383.00
613.41 16383.00
613.15 16383.00
612.88 16383.00
612.61 16383.00
612.35 16383.00
612.08 16383.00
611.81 16383.00
611.55 16383.00
611.28 16383.00
611.01 16383.00
610.74 16383.00
610.48 16383.00
610.21 16383.00
609.94 16383.00
609.68 16383.00
609.41 16383.00
609.14 16383.00
608.87 16383.00
608.61 16383.00
608.34 16383.00
608.07 16383.00
607.81 16383.00
607.54 16383.00
607.27 16383.00
607.01 16383.00
606.74 16383.00
606.47 16383.00
606.20 16383.00
605.94 16383.00
605.67 16383.00
605.40 16383.00
605.14 16383.00
604.87 16383.00
604.60 16383.00
604.33 16383.00
604.07 16383.00
603.80 16383.00
603.53 16383.00
603.27 16383.00
603.00 16383.00
602.73 16383.00
602.47 16383.00
602.20 16383.00
601.93 16383.00
601.66 16383.00
601.40 16383.00
601.13 16383.00
600.86 16383.00
600.60 16383.00
600.33 16383.00
600.06 16383.00
599.79 16383.00
599.53 16383.00
599.26 16383.00
598.99 16383.00
598.73 16383.00
598.46 16383.00
598.19 16383.00
597.92 16383.00
597.66 16383.00
597.39 16383.00
597.12 16383.00
596.86 16383.00
596.59 16383.00
596.32 16383.00
596.06 16383.00
595.79 16383.00
595.52 16383.00
595.25 16383.00
594.99 16383.00
594.72 16383.00
594.45 16383.00
594.19 16383.00
593.92 16383.00
593.65 16383.00
593.38 16383.00
593.12 16383.00
592.85 16383.00
592.58 16383.00
592.32 16383.00
592.05 16383.00
591.78 16383.00
591.51 16383.00
591.25 16383.00
590.98 16383.00
590.71 16383.00
590.45 16383.00
590.18 16383.00
589.91 16383.00
589.64 16383.00
589.38 16383.00
589.11 16383.00
588.84 16383.00
588.58 16383.00
588.31 16383.00
588.04 16383.00
587.77 16383.00
587.51 16383.00
587.24 16383.00
586.97 16383.00
586.71 16383.00
586.44 16383.00
586.17 16383.00
585.90 16383.00
585.64 16383.00
585.37 16383.00
585.10 16383.00
584.84 16383.00
584.57 16383.00
584.30 16383.00
584.03 16383.00
583.77 16383.00
583.50 16383.00
583.23 16383.00
582.97 16383.00
582.70 16383.00
582.43 16383.00
582.16 16383.00
581.90 16383.00
581.63 16383.00
581.36 16383.00
581.10 16383.00
580.83 16383.00
580.56 16383.00
580.29 16383.00
580.03 16383.00
579.76 16383.00
579.49 16383.00
579.23 16383.00
578.96 16383.00
578.69 16383.00
578.42 16383.00
578.16 16383.00
577.89 16383.00
577.62 16383.00
577.36 16383.00
577.09 16383.00
576.82 16383.00
576.55 16383.00
576.29 16383.00
576.02 16383.00
575.75 16383.00
575.48 16383.00
575.22 16383.00
574.95 16383.00
574.68 16383.00
574.42 16383.00
574.15 16383.00
573.88 16383.00
573.61 16383.00
573.35 16383.00
573.08 16383.00
572.81 16383.00
572.55 16383.00
572.28 16383.00
572.01 16383.00
571.74 16383.00
571.48 16383.00
571.21 16383.00
570.94 16383.00
570.68 16383.00
570.41 16383.00
570.14 16383.00
569.87 16383.00
569.61 16383.00
569.34 16383.00
569.07 16383.00
568.80 16383.00
568.54 16383.00
568.27 16383.00
568.00 16383.00
567.74 16383.00
567.47 16383.00
567.20 16383.00
566.93 16383.00
566.67 16383.00
566.40 16383.00
566.13 16383.00
565.87 16383.00
565.60 16383.00
565.33 16383.00
565.06 16383.00
564.80 16383.00
564.53 16383.00
564.26 16383.00
563.99 16383.00
563.73 16383.00
563.46 16383.00
563.19 16383.00
562.93 16383.00
562.66 16383.00
562.39 16383.00
562.12 16383.00
561.86 16383.00
561.59 16383.00
561.32 16383.00
561.05 16383.00
560.79 16383.00
560.52 16383.00
560.25 16383.00
559.99 16383.00
559.72 16383.00
559.45 16383.00
559.18 16383.00
558.92 16383.00
558.65 16383.00
558.38 16383.00
558.11 16383.00
557.85 16383.00
557.58 16383.00
557.31 16383.00
557.05 16383.00
556.78 16383.00
556.51 16383.00
556.24 16383.00
555.98 16383.00
555.71 16383.00
555.44 16383.00
555.17 16383.00
554.91 16383.00
554.64 16383.00
554.37 16383.00
554.11 16383.00
553.84 16383.00
553.57 16383.00
553.30 16383.00
553.04 16383.00
552.77 16383.00
552.50 16383.00
552.23 16383.00
551.97 16383.00
551.70 16383.00
551.43 16383.00
551.17 16383.00
550.90 16383.00
550.63 16383.00
550.36 16383.00
550.10 16383.00
549.83 16383.00
549.56 16383.00
549.29 16383.00
549.03 16383.00
548.76 16383.00
548.49 16383.00
548.22 16383.00
547.96 16383.00
547.69 16383.00
547.42 16383.00
547.16 16383.00
546.89 16383.00
546.62 16383.00
546.35 16383.00
546.09 16383.00
545.82 16383.00
545.55 16383.00
545.28 16383.00
545.02 16383.00
544.75 16383.00
544.48 16383.00
544.21 16383.00
543.95 16383.00
543.68 16383.00
543.41 16383.00
543.15 16383.00
542.88 16383.00
542.61 16383.00
542.34 16383.00
542.08 16383.00
541.81 16383.00
541.54 16383.00
541.27 16383.00
541.01 16383.00
540.74 16383.00
540.47 16383.00
540.20 16383.00
539.94 16383.00
539.67 16383.00
539.40 16383.00
539.14 16383.00
538.87 16383.00
538.60 16383.00
538.33 16383.00
538.07 16383.00
537.80 16383.00
537.53 16383.00
537.26 16383.00
537.00 16383.00
536.73 16383.00
536.46 16383.00
536.19 16383.00
535.93 16383.00
535.66 16383.00
535.39 16383.00
535.12 16383.00
534.86 16383.00
534.59 16383.00
534.32 16383.00
534.06 16383.00
533.79 16383.00
533.52 16383.00
533.25 16383.00
532.99 16383.00
532.72 16383.00
532.45 16383.00
532.18 16383.00
531.92 16383.00
531.65 16383.00
531.38 16383.00
531.11 16383.00
530.85 16383.00
530.58 16383.00
530.31 16383.00
530.04 16383.00
529.78 16383.00
529.51 16383.00
529.24 16383.00
528.97 16383.00
528.71 16383.00
528.44 16383.00
528.17 16383.00
527.91 16383.00
527.64 16383.00
527.37 16383.00
527.10 16383.00
526.84 16383.00
526.57 16383.00
526.30 16383.00
526.03 16383.00
525.77 16383.00
525.50 16383.00
525.23 16383.00
524.96 16383.00
524.70 16383.00
524.43 16383.00
524.16 16383.00
523.89 16383.00
523.63 16383.00
523.36 16383.00
523.09 16383.00
522.82 16383.00
522.56 16383.00
522.29 16383.00
522.02 16383.00
521.75 16383.00
521.49 16383.00
521.22 16383.00
520.95 16383.00
520.68 16383.00
520.42 16383.00
520.15 16383.00
519.88 16383.00
519.61 16383.00
519.35 16383.00
519.08 16383.00
518.81 16383.00
518.54 16383.00
518.28 16383.00
518.01 16383.00
517.74 16383.00
517.48 16383.00
517.21 16383.00
516.94 16383.00
516.67 16383.00
516.41 16383.00
516.14 16383.00
515.87 16383.00
515.60 16383.00
515.34 16383.00
515.07 16383.00
514.80 16383.00
514.53 16383.00
514.27 16383.00
514.00 16383.00
513.73 16383.00
513.46 16383.00
513.20 16383.00
512.93 16383.00
512.66 16383.00
512.39 16383.00
512.13 16383.00
511.86 16383.00
511.59 16383.00
511.32 16383.00
511.06 16383.00
510.79 16383.00
510.52 16383.00
510.25 16383.00
509.99 16383.00
509.72 16383.00
509.45 16383.00
509.18 16383.00
508.92 16383.00
508.65 16383.00
508.38 16383.00
508.11 16383.00
507.85 16383.00
507.58 16383.00
507.31 16383.00
507.04 16383.00
506.78 16383.00
506.51 16383.00
506.24 16383.00
505.97 16383.00
505.71 16383.00
505.44 16383.00
505.17 16383.00
504.90 16383.00
504.64 16383.00
504.37 16383.00
504.10 16383.00
503.83 16383.00
503.57 16383.00
503.30 16383.00
503.03 16383.00
502.76 16383.00
502.50 16383.00
502.23 16383.00
501.96 16383.00
501.69 16383.00
501.43 16383.00
501.16 16383.00
500.89 16383.00
500.62 16383.00
500.36 16383.00
500.09 16383.00
499.82 16383.00
499.55 16383.00
499.29 16383.00
499.02 16383.00
498.75 16383.00
498.48 16383.00
498.22 16383.00
497.95 16383.00
497.68 16383.00
497.41 16383.00
497.14 16383.00
496.88 16383.00
496.61 16383.00
496.34 16383.00
496.07 16383.00
495.81 16383.00
495.54 16383.00
495.27 16383.00
495.00 16383.00
494.74 16383.00
494.47 16383.00
494.20 16383.00
493.93 16383.00
493.67 16383.00
493.40 16383.00
493.13 16383.00
492.86 16383.00
492.60 16383.00
492.33 16383.00
492.06 16383.00
491.79 16383.00
491.53 16383.00
491.26 16383.00
490.99 16383.00
490.72 16383.00
490.46 16383.00
490.19 16383.00
489.92 16383.00
489.65 16383.00
489.39 16383.00
489.12 16383.00
488.85 16383.00
488.58 16383.00
488.32 16383.00
488.05 16383.00
487.78 16383.00
487.51 16383.00
487.24 16383.00
486.98 16383.00
486.71 16383.00
486.44 16383.00
486.17 16383.00
485.91 16383.00
485.64 16383.00
485.37 16383.00
485.10 16383.00
484.84 16383.00
484.57 16383.00
484.30 16383.00
484.03 16383.00
483.77 16383.00
483.50 16383.00
483.23 16383.00
482.96 16383.00
482.70 16383.00
482.43 16383.00
482.16 16383.00
481.89 16383.00
481.63 16383.00
481.36 16383.00
481.09 16383.00
480.82 16383.00
480.55 16383.00
480.29 16383.00
480.02 16383.00
479.75 16383.00
479.48 16383.00
479.22 16383.00
478.95 16383.00
478.68 16383.00
478.41 16383.00
478.15 16383.00
477.88 16383.00
477.61 16383.00
477.34 16383.00
477.08 16383.00
476.81 16383.00
476.54 16383.00
476.27 16383.00
476.00 16383.00
475.74 16383.00
475.47 16383.00
475.20 16383.00
474.93 16383.00
474.67 16383.00
474.40 16383.00
474.13 16383.00
473.86 16383.00
473.60 16383.00
473.33 16383.00
473.06 16383.00
472.79 16383.00
472.53 16383.00
472.26 16383.00
471.99 16383.00
471.72 16383.00
471.45 16383.00
471.19 16383.00
470.92 16383.00
470.65 16383.00
470.38 16383.00
470.12 16383.00
469.85 16383.00
469.58 16383.00
469.31 16383.00
469.05 16383.00
468.78 16383.00
468.51 16383.00
468.24 16383.00
467.97 16383.00
467.71 16383.00
467.44 16383.00
467.17 16383.00
466.90 16383.00
466.64 16383.00
466.37 16383.00
466.10 16383.00
465.83 16383.00
465.57 16383.00
465.30 16383.00
465.03 16383.00
464.76 16383.00
464.50 16383.00
464.23 16383.00
463.96 16383.00
463.69 16383.00
463.42 16383.00
463.16 16383.00
462.89 16383.00
462.62 16383.00
462.35 16383.00
462.09 16383.00
461.82 16383.00
461.55 16383.00
461.28 16383.00
461.01 16383.00
460.75 16383.00
460.48 16383.00
460.21 16383.00
459.94 16383.00
459.68 16383.00
459.41 16383.00
459.14 16383.00
458.87 16383.00
458.61 16383.00
458.34 16383.00
458.07 16383.00
457.80 16383.00
457.53 16383.00
457.27 16383.00
457.00 16383.00
456.73 16383.00
456.46 16383.00
456.20 16383.00
455.93 16383.00
455.66 16383.00
455.39 16383.00
455.12 16383.00
454.86 16383.00
454.59 16383.00
454.32 16383.00
454.05 16383.00
453.79 16383.00
453.52 16383.00
453.25 16383.00
452.98 16383.00
452.72 16383.00
452.45 16383.00
452.18 16383.00
451.91 16383.00
451.64 16383.00
451.38 16383.00
451.11 16383.00
450.84 16383.00
450.57 16383.00
450.31 16383.00
450.04 16383.00
449.77 16383.00
449.50 16383.00
449.23 16383.00
448.97 16383.00
448.70 16383.00
448.43 16383.00
448.16 16383.00
447.90 16383.00
447.63 16383.00
447.36 16383.00
447.09 16383.00
446.82 16383.00
446.56 16383.00
446.29 16383.00
446.02 16383.00
445.75 16383.00
445.49 16383.00
445.22 16383.00
444.95 16383.00
444.68 16383.00
444.41 16383.00
444.15 16383.00
443.88 16383.00
443.61 16383.00
443.34 16383.00
443.08 16383.00
442.81 16383.00
442.54 16383.00
442.27 16383.00
442.00 16383.00
441.74 16383.00
441.47 16383.00
441.20 16383.00
440.93 16383.00
440.67 16383.00
440.40 16383.00
440.13 16383.00
439.86 16383.00
439.59 16383.00
439.33 16383.00
439.06 16383.00
438.79 16383.00
438.52 16383.00
438.26 16383.00
437.99 16383.00
437.72 16383.00
437.45 16383.00
437.18 16383.00
436.92 16383.00
436.65 16383.00
436.38 16383.00
436.11 16383.00
435.84 16383.00
435.58 16383.00
435.31 16383.00
435.04 16383.00
434.77 16383.00
434.51 16383.00
434.24 16383.00
433.97 16383.00
433.70 16383.00
433.43 16383.00
433.17 16383.00
432.90 16383.00
432.63 16383.00
432.36 16383.00
432.09 16383.00
431.83 16383.00
431.56 16383.00
431.29 16383.00
431.02 16383.00
430.76 16383.00
430.49 16383.00
430.22 16383.00
429.95 16383.00
429.68 16383.00
429.42 16383.00
429.15 16383.00
428.88 16383.00
428.61 16383.00
428.35 16383.00
428.08 16383.00
427.81 16383.00
427.54 16383.00
427.27 16383.00
427.01 16383.00
426.74 16383.00
426.47 16383.00
426.20 16383.00
425.93 16383.00
425.67 16383.00
425.40 16383.00
425.13 16383.00
424.86 16383.00
424.59 16383.00
424.33 16383.00
424.06 16383.00
423.79 16383.00
423.52 16383.00
423.26 16383.00
422.99 16383.00
422.72 16383.00
422.45 16383.00
422.18 16383.00
421.92 16383.00
421.65 16383.00
421.38 16383.00
421.11 16383.00
420.84 16383.00
420.58 16383.00
420.31 16383.00
420.04 16383.00
419.77 16383.00
419.51 16383.00
419.24 16383.00
418.97 16383.00
418.70 16383.00
418.43 16383.00
418.17 16383.00
417.90 16383.00
417.63 16383.00
417.36 16383.00
417.09 16383.00
416.83 16383.00
416.56 16383.00
416.29 16383.00
416.02 16383.00
415.75 16383.00
415.49 16383.00
415.22 16383.00
414.95 16383.00
414.68 16383.00
414.41 16383.00
414.15 16383.00
413.88 16383.00
413.61 16383.00
413.34 16383.00
413.08 16383.00
412.81 16383.00
412.54 16383.00
412.27 16383.00
412.00 16383.00
411.74 16383.00
411.47 16383.00
411.20 16383.00
410.93 16383.00
410.66 16383.00
410.40 16383.00
410.13 16383.00
409.86 16383.00
409.59 16383.00
409.32 16383.00
409.06 16383.00
408.79 16383.00
408.52 16383.00
408.25 16383.00
407.98 16383.00
407.72 16383.00
407.45 16383.00
407.18 16383.00
406.91 16383.00
406.64 16383.00
406.38 16383.00
406.11 16383.00
405.84 16383.00
405.57 16383.00
405.30 16383.00
405.04 16383.00
404.77 16383.00
404.50 16383.00
404.23 16383.00
403.96 16383.00
403.70 16383.00
403.43 16383.00
403.16 16383.00
402.89 16383.00
402.63 16383.00
402.36 16383.00
402.09 16383.00
401.82 16383.00
401.55 16383.00
401.29 16383.00
401.02 16383.00
400.75 16383.00
400.48 16383.00
400.21 16383.00
399.95 16383.00
399.68 16383.00
399.41 16383.00
399.14 16383.00
398.87 16383.00
398.61 16383.00
398.34 16383.00
398.07 16383.00
397.80 16383.00
397.53 16383.00
397.27 16383.00
397.00 16383.00
396.73 16383.00
396.46 16383.00
396.19 16383.00
395.93 16383.00
395.66 16383.00
395.39 16383.00
395.12 16383.00
394.85 16383.00
394.59 16383.00
394.32 16383.00
394.05 16383.00
393.78 16383.00
393.51 16383.00
393.25 16383.00
392.98 16383.00
392.71 16383.00
392.44 16383.00
392.17 16383.00
391.91 16383.00
391.64 16383.00
391.37 16383.00
391.10 16383.00
390.83 16383.00
390.56 16383.00
390.30 16383.00
390.03 16383.00
389.76 16383.00
389.49 16383.00
389.22 16383.00
388.96 16383.00
388.69 16383.00
388.42 16383.00
388.15 16383.00
387.88 16383.00
387.62 16383.00
387.35 16383.00
387.08 16383.00
386.81 16383.00
386.54 16383.00
386.28 16383.00
386.01 16383.00
385.74 16383.00
385.47 16383.00
385.20 16383.00
384.94 16383.00
384.67 16383.00
384.40 16383.00
384.13 16383.00
383.86 16383.00
383.60 16383.00
383.33 16383.00
383.06 16383.00
382.79 16383.00
382.52 16383.00
382.26 16383.00
381.99 16383.00
381.72 16383.00
381.45 16383.00
381.18 16383.00
380.92 16383.00
380.65 16383.00
380.38 16383.00
380.11 16383.00
379.84 16383.00
379.57 16383.00
379.31 16383.00
379.04 16383.00
378.77 16383.00
378.50 16383.00
378.23 16383.00
377.97 16383.00
377.70 16383.00
377.43 16383.00
377.16 16383.00
376.89 16383.00
376.63 16383.00
376.36 16383.00
376.09 16383.00
375.82 16383.00
375.55 16383.00
375.29 16383.00
375.02 16383.00
374.75 16383.00
374.48 16383.00
374.21 16383.00
373.94 16383.00
373.68 16383.00
373.41 16383.00
373.14 16383.00
372.87 16383.00
372.60 16383.00
372.34 16383.00
372.07 16383.00
371.80 16383.00
371.53 16383.00
371.26 16383.00
371.00 16383.00
370.73 16383.00
370.46 16383.00
370.19 16383.00
369.92 16383.00
369.65 16383.00
369.39 16383.00
369.12 16383.00
368.85 16383.00
368.58 16383.00
368.31 16383.00
368.05 16383.00
367.78 16383.00
367.51 16383.00
367.24 16383.00
366.97 16383.00
366.71 16383.00
366.44 16383.00
366.17 16383.00
365.90 16383.00
365.63 16383.00
365.36 16383.00
365.10 16383.00
364.83 16383.00
364.56 16383.00
364.29 16383.00
364.02 16383.00
363.76 16383.00
363.49 16383.00
363.22 16383.00
362.95 16383.00
362.68 16383.00
362.42 16383.00
362.15 16383.00
361.88 16383.00
361.61 16383.00
361.34 16383.00
361.07 16383.00
360.81 16383.00
360.54 16383.00
360.27 16383.00
360.00 16383.00
359.73 16383.00
359.47 16383.00
359.20 16383.00
358.93 16383.00
358.66 16383.00
358.39 16383.00
358.12 16383.00
357.86 16383.00
357.59 16383.00
357.32 16383.00
357.05 16383.00
356.78 16383.00
356.52 16383.00
356.25 16383.00
355.98 16383.00
355.71 16383.00
355.44 16383.00
355.17 16383.00
354.91 16383.00
354.64 16383.00
354.37 16383.00
354.10 16383.00
353.83 16383.00
353.57 16383.00
353.30 16383.00
353.03 16383.00
352.76 16383.00
352.49 16383.00
352.22 16383.00
351.96 16383.00
351.69 16383.00
351.42 16383.00
351.15 16383.00
350.88 16383.00
350.62 16383.00
350.35 16383.00
350.08 16383.00
349.81 16383.00
349.54 16383.00
349.27 16383.00
349.01 16383.00
348.74 16383.00
348.47 16383.00
348.20 16383.00
347.93 16383.00
347.66 16383.00
347.40 16383.00
347.13 16383.00
346.86 16383.00
346.59 16383.00
346.32 16383.00
346.06 16383.00
345.79 16383.00
345.52 16383.00
345.25 16383.00
344.98 16383.00
344.71 16383.00
344.45 16383.00
344.18 16383.00
343.91 16383.00
343.64 16383.00
343.37 16383.00
343.10 16383.00
342.84 16383.00
342.57 16383.00
342.30 16383.00
342.03 16383.00
341.76 16383.00
341.50 16383.00
341.23 16383.00
340.96 16383.00
340.69 16383.00
340.42 16383.00
340.15 16383.00
339.89 16383.00
339.62 16383.00
339.35 16383.00
339.08 16383.00
338.81 16383.00
338.54 16383.00
338.28 16383.00
338.01 16383.00
337.74 16383.00
337.47 16383.00
337.20 16383.00
336.93 16383.00
336.67 16383.00
336.40 16383.00
336.13 16383.00
335.86 16383.00
335.59 16383.00
335.33 16383.00
335.06 16383.00
334.79 16383.00
334.52 16383.00
334.25 16383.00
333.98 16383.00
333.72 16383.00
333.45 16383.00
333.18 16383.00
332.91 16383.00
332.64 16383.00
332.37 16383.00
332.11 16383.00
331.84 16383.00
331.57 16383.00
331.30 16383.00
331.03 16383.00
330.76 16383.00
330.50 16383.00
330.23 16383.00
329.96 16383.00
329.69 16383.00
329.42 16383.00
329.15 16383.00
328.89 16383.00
328.62 16383.00
328.35 16383.00
328.08 16383.00
327.81 16383.00
327.54 16383.00
327.28 16383.00
327.01 16383.00
326.74 16383.00
326.47 16383.00
326.20 16383.00
325.93 16383.00
325.67 16383.00
325.40 16383.00
325.13 16383.00
324.86 16383.00
324.59 16383.00
324.32 16383.00
324.06 16383.00
323.79 16383.00
323.52 16383.00
323.25 16383.00
322.98 16383.00
322.71 16383.00
322.45 16383.00
322.18 16383.00
321.91 16383.00
321.64 16383.00
321.37 16383.00
321.10 16383.00
320.84 16383.00
320.57 16383.00
320.30 16383.00
320.03 16383.00
319.76 16383.00
319.49 16383.00
319.23 16383.00
318.96 16383.00
318.69 16383.00
318.42 16383.00
318.15 16383.00
317.88 16383.00
317.62 16383.00
317.35 16383.00
317.08 16383.00
316.81 16383.00
316.54 16383.00
316.27 16383.00
316.01 16383.00
315.74 16383.00
315.47 16383.00
315.20 16383.00
314.93 16383.00
314.66 16383.00
314.40 16383.00
314.13 16383.00
313.86 16383.00
313.59 16383.00
313.32 16383.00
313.05 16383.00
312.79 16383.00
312.52 16383.00
312.25 16383.00
311.98 16383.00
311.71 16383.00
311.44 16383.00
311.18 16383.00
310.91 16383.00
310.64 16383.00
310.37 16383.00
310.10 16383.00
309.83 16383.00
309.56 16383.00
309.30 16383.00
309.03 16383.00
308.76 16383.00
308.49 16383.00
308.22 16383.00
307.95 16383.00
307.69 16383.00
307.42 13132.60
307.15 16383.00
306.88 3266.60
306.61 15839.40
306.34 3252.00
306.08 15824.60
305.81 3242.20
305.54 15805.00
305.27 3236.00
305.00 7559.20
304.73 1595.20
304.47 674.60
304.20 648.60
303.93 663.00
303.66 649.20
303.39 652.00
303.12 643.00
302.85 638.80
302.59 629.00
302.32 657.60
302.05 632.60
301.78 638.60
301.51 627.60
301.24 631.00
300.98 619.00
300.71 632.00
300.44 623.40
300.17 626.40
299.90 624.60
299.63 627.80
299.37 622.80
299.10 636.00
298.83 618.40
298.56 623.80
298.29 632.60
298.02 628.00
297.75 619.60
297.49 619.40
297.22 615.00
296.95 617.00
296.68 620.00
296.41 612.00
296.14 619.80
295.88 613.40
295.61 608.20
295.34 608.40
295.07 609.60
294.80 611.60
294.53 607.60
294.26 613.20
294.00 608.80
293.73 613.80
293.46 613.40
293.19 610.00
292.92 605.40
292.65 604.60
292.39 603.80
292.12 597.20
291.85 602.60
291.58 610.60
291.31 616.20
291.04 607.20
290.77 600.20
290.51 605.60
290.24 609.40
289.97 608.00
289.70 597.40
289.43 601.00
289.16 596.00
288.90 603.40
288.63 602.60
288.36 602.00
288.09 589.40
287.82 597.80
287.55 600.40
287.28 606.40
287.02 604.00
286.75 602.60
286.48 598.40
286.21 600.20
285.94 589.80
285.67 596.80
285.40 597.40
285.14 602.20
284.87 598.20
284.60 598.80
284.33 591.80
284.06 595.60
283.79 598.20
283.53 593.80
283.26 595.20
282.99 593.60
282.72 590.60
282.45 597.20
282.18 589.80
281.91 598.00
281.65 592.00
281.38 602.60
281.11 595.40
280.84 591.20
280.57 593.80
280.30 604.00
280.03 591.60
279.77 595.60
279.50 598.00
279.23 584.80
278.96 579.80
278.69 587.80
278.42 592.60
278.15 589.40
277.89 583.80
277.62 600.80
277.35 588.20
277.08 587.60
276.81 588.20
276.54 597.20
276.27 584.20
276.01 594.60
275.74 586.00
275.47 597.60
275.20 587.60
274.93 597.60
274.66 593.60
274.39 594.00
274.13 592.20
273.86 595.60
273.59 588.00
273.32 589.80
273.05 598.40
272.78 585.40
272.52 592.40
272.25 592.80
271.98 587.00
271.71 596.40
271.44 589.20
271.17 587.20
270.90 583.40
270.64 587.00
270.37 594.80
270.10 590.80
269.83 583.20
269.56 584.20
269.29 580.00
269.02 592.60
268.76 584.20
268.49 585.20
268.22 591.80
267.95 598.20
267.68 590.20
267.41 588.60
267.14 586.40
266.87 586.60
266.61 592.80
266.34 583.80
266.07 592.00
265.80 592.80
265.53 583.20
265.26 592.00
264.99 592.40
264.73 587.00
264.46 584.20
264.19 582.20
263.92 578.80
263.65 577.20
263.38 583.80
263.11 586.60
262.85 577.40
262.58 591.20
262.31 581.80
262.04 580.40
261.77 575.80
261.50 581.40
261.23 585.80
260.97 576.60
260.70 586.40
260.43 584.20
260.16 577.00
259.89 581.20
259.62 586.80
259.35 580.80
259.09 585.40
258.82 584.00
258.55 578.80
258.28 580.40
258.01 580.00
257.74 582.80
257.47 576.40
257.21 585.60
256.94 587.80
256.67 586.80
256.40 584.00
256.13 584.60
255.86 587.40
255.59 582.80
255.32 575.20
255.06 576.00
254.79 574.40
254.52 581.80
254.25 575.80
253.98 582.80
253.71 581.60
253.44 587.40
253.18 576.00
252.91 584.00
252.64 582.20
252.37 581.00
252.10 584.00
251.83 577.40
251.56 578.20
251.29 576.40
251.03 578.00
250.76 578.80
250.49 584.60
250.22 576.60
249.95 577.80
249.68 575.80
249.41 581.40
249.15 582.40
248.88 577.80
248.61 590.80
248.34 579.60
248.07 581.40
247.80 578.80
247.53 582.40
247.26 578.00
247.00 576.20
246.73 581.00
246.46 578.60
246.19 578.40
245.92 573.00
245.65 584.00
245.38 575.80
245.12 575.60
244.85 579.80
244.58 568.20
244.31 579.20
244.04 586.00
243.77 576.60
243.50 606.60
243.23 584.20
242.97 587.20
242.70 580.80
242.43 581.80
242.16 582.00
241.89 571.40
241.62 573.60
241.35 579.80
241.09 576.00
240.82 576.40
240.55 579.20
240.28 577.80
240.01 579.20
239.74 575.20
239.47 573.60
239.20 571.00
238.94 576.40
238.67 581.60
238.40 577.20
238.13 576.40
237.86 573.20
237.59 586.80
237.32 576.40
237.05 575.80
236.79 577.40
236.52 581.20
236.25 578.40
235.98 572.80
235.71 576.20
235.44 573.00
235.17 573.80
234.90 581.00
234.64 575.80
234.37 576.80
234.10 577.80
233.83 577.80
233.56 584.80
233.29 578.80
233.02 574.40
232.75 567.20
232.49 577.60
232.22 563.00
231.95 575.60
231.68 575.20
231.41 573.40
231.14 577.00
230.87 576.00
230.60 566.00
230.34 579.00
230.07 575.00
229.80 569.60
229.53 568.80
229.26 584.20
228.99 576.40
228.72 575.20
228.45 570.80
228.19 574.60
227.92 569.00
227.65 581.60
227.38 576.60
227.11 581.60
226.84 566.20
226.57 572.60
226.30 574.00
226.04 577.80
225.77 576.20
225.50 576.20
225.23 572.60
224.96 574.80
224.69 575.00
224.42 579.40
224.15 571.00
223.89 568.40
223.62 570.20
223.35 573.20
223.08 573.60
222.81 571.60
222.54 575.80
222.27 577.60
222.00 576.60
221.74 565.80
221.47 570.20
221.20 574.20
220.93 573.60
220.66 571.00
220.39 575.00
220.12 573.40
219.85 574.20
219.59 573.40
219.32 578.80
219.05 576.60
218.78 572.40
218.51 565.20
218.24 568.00
217.97 570.60
217.70 567.40
217.43 568.20
217.17 567.40
216.90 572.20
216.63 576.00
216.36 580.60
216.09 570.40
215.82 573.60
215.55 571.20
215.28 567.00
215.02 572.80
214.75 571.40
214.48 588.40
214.21 572.80
213.94 577.20
213.67 579.60
213.40 572.00
213.13 565.00
212.86 571.60
212.60 569.60
212.33 587.60
212.06 567.60
211.79 577.60
211.52 570.60
211.25 564.40
210.98 572.00
210.71 568.60
210.45 573.20
210.18 565.80
209.91 571.20
209.64 572.40
209.37 577.00
209.10 570.00
208.83 568.00
208.56 562.60
208.29 575.60
208.03 570.20
207.76 567.20
207.49 567.40
207.22 567.60
206.95 572.40
206.68 566.20
206.41 562.80
206.14 571.60
205.87 574.60
205.61 574.00
205.34 567.00
205.07 575.20
204.80 568.20
204.53 569.60
204.26 564.40
203.99 566.60
203.72 563.40
203.45 583.40
203.19 576.00
202.92 571.80
202.65 568.20
202.38 577.40
202.11 574.40
201.84 572.80
201.57 569.20
201.30 569.20
201.04 573.00
200.77 575.00
200.50 570.00
200.23 575.00
199.96 577.20
199.69 579.00
199.42 571.80
199.15 563.40
198.88 567.40
198.62 579.60
198.35 574.80
198.08 565.60
197.81 561.00
197.54 572.40
197.27 560.60
197.00 568.00
196.73 567.60
196.46 567.00
196.19 567.80
195.93 567.40
195.66 564.20
195.39 574.00
195.12 558.20
194.85 571.80
194.58 568.20
194.31 569.20
194.04 572.60
193.77 568.60
193.51 568.80
193.24 566.00
192.97 567.60
192.70 567.40
192.43 569.80
192.16 568.20
191.89 577.60
191.62 571.20
191.35 572.60
191.09 565.20
190.82 568.80
190.55 570.20
190.28 564.40
190.01 562.20
189.74 567.40
189.47 563.20
189.20 574.40
188.93 566.40
188.67 569.00
188.40 572.20
188.13 565.20
187.86 573.00
187.59 565.80
187.32 567.00
187.05 571.80
186.78 567.20
186.51 567.00
186.24 575.20
185.98 560.00
185.71 568.40
185.44 568.00
185.17 565.40
184.90 571.00
184.63 566.80
184.36 574.20
184.09 570.20
183.82 574.00
183.56 575.80
183.29 566.60
183.02 564.00
182.75 567.80
182.48 565.00
182.21 577.20
181.94 564.00
181.67 573.00
181.40 566.40
181.13 568.00
180.87 567.00
180.60 562.00
180.33 569.00
180.06 566.60
179.79 574.40
179.52 567.20
179.25 571.60
178.98 571.40
178.71 569.40
178.44 568.00
178.18 563.00
177.91 574.80
177.64 560.00
177.37 565.60
177.10 559.20
176.83 571.00
176.56 563.00
176.29 565.00
176.02 569.00
175.75 564.20
175.49 568.20
175.22 561.00
174.95 565.60
174.68 570.00
174.41 571.40
174.14 561.60
173.87 560.40
173.60 569.80
173.33 570.20
173.06 561.00
172.80 571.60
172.53 575.20
172.26 560.20
171.99 564.80
171.72 565.20
171.45 566.40
171.18 576.40
170.91 570.20
170.64 564.60
170.37 571.60
170.11 571.60
169.84 570.40
169.57 564.60
169.30 569.80
169.03 560.80
168.76 557.20
168.49 565.20
168.22 559.40
167.95 562.00
167.68 574.00
167.42 568.20
167.15 561.20
166.88 565.20
166.61 561.40
166.34 569.40
166.07 575.20
165.80 564.80
