1799.00 582.20
3358.00 574.60
3358.00 582.40
3358.00 576.80
3358.00 578.80
3358.00 576.00
2572.00 583.20
2566.00 598.60
2564.00 601.40
2559.00 603.60
2557.00 615.00
2553.00 618.80
2550.00 637.20
2547.00 647.40
2543.00 671.40
2541.00 679.00
2537.00 692.00
2534.00 718.60
2530.00 734.00
2527.00 753.20
2524.00 764.00
2521.00 789.60
2517.00 822.60
2513.00 835.20
2511.00 887.00
2507.00 907.20
2504.00 949.20
2501.00 1004.40
2497.00 1039.00
2494.00 1090.60
2491.00 1156.20
2487.00 1198.40
2484.00 1272.40
2481.00 1350.40
2477.00 1433.00
2473.00 1549.80
2469.00 1635.00
2466.00 1754.60
2461.00 1905.80
2458.00 2062.00
2454.00 2219.00
2450.00 2394.00
2446.00 2572.00
2442.00 2786.00
2438.00 3030.80
2434.00 3248.40
2430.00 3532.20
2426.00 3765.80
2422.00 4055.00
2419.00 4218.80
2415.00 4427.60
2412.00 4699.60
2409.00 4900.00
2406.00 5124.20
2403.00 5425.60
2400.00 5668.40
2397.00 5931.80
2393.00 6197.80
2390.00 6515.80
2387.00 6793.00
2384.00 7033.60
2380.00 7218.40
2377.00 7398.80
2374.00 7735.20
2370.00 8191.60
2367.00 8455.60
2364.00 8543.80
2360.00 8784.80
2357.00 9219.20
2353.00 9409.80
2350.00 9674.40
2347.00 9770.60
2343.00 10020.40
2339.00 10113.20
2336.00 10447.00
2333.00 10483.00
2329.00 10553.20
2325.00 10731.60
2322.00 10768.60
2318.00 10970.00
2314.00 11006.80
2311.00 10856.20
2307.00 10941.80
2303.00 10837.00
2300.00 10909.00
2296.00 10950.60
2292.00 10965.40
2289.00 10865.20
2285.00 11208.80
2282.00 11205.80
2278.00 10942.00
2275.00 10764.20
2271.00 10791.60
2268.00 10957.40
2264.00 11047.60
2261.00 10845.20
2257.00 10760.80
2253.00 10759.00
2250.00 10764.20
2246.00 10886.00
2242.00 10933.20
2239.00 11021.00
2235.00 10962.60
2231.00 11041.00
2227.00 11022.00
2224.00 11217.60
2220.00 11294.60
2216.00 11298.80
2211.00 11418.00
2206.00 11522.00
2201.00 11823.60
2197.00 11845.80
2191.00 12030.40
2187.00 12478.40
2181.00 12543.80
2176.00 12784.60
2171.00 12969.40
2166.00 13263.40
2163.00 13455.20
2159.00 13560.00
2156.00 13704.20
2152.00 13839.60
2149.00 14012.00
2145.00 14211.60
2141.00 14394.40
2138.00 14795.80
2134.00 14952.80
2131.00 14938.00
2127.00 15087.00
2123.00 15087.40
2120.00 15272.80
2116.00 15302.00
2112.00 15536.20
2109.00 15648.00
2105.00 15674.00
2101.00 15802.60
2098.00 15747.40
2094.00 15746.80
2090.00 15648.80
2086.00 15823.20
2082.00 15932.20
2078.00 15698.20
2074.00 15542.80
2071.00 15546.00
2067.00 15643.00
2063.00 15738.80
2059.00 15562.00
2055.00 15606.80
2051.00 15603.20
2048.00 15646.20
2044.00 15518.40
2041.00 15305.80
2037.00 14924.60
2033.00 14998.00
2029.00 15015.80
2026.00 14699.40
2022.00 14586.80
2018.00 14448.80
2014.00 14308.60
2011.00 14199.60
2007.00 13833.40
2004.00 13615.80
2000.00 13393.00
1997.00 13250.80
1993.00 12991.00
1990.00 12818.40
1986.00 12697.20
1982.00 12282.60
1979.00 12148.40
1975.00 11819.60
1972.00 11442.80
1968.00 11325.60
1965.00 11181.20
1962.00 10860.60
1958.00 10625.60
1955.00 10445.60
1951.00 10139.80
1948.00 9864.20
1944.00 9587.40
1941.00 9299.20
1938.00 9212.80
1934.00 9003.80
1931.00 8741.00
1927.00 8545.40
1924.00 8341.80
1920.00 8073.00
1916.00 7981.00
1912.00 7698.20
1909.00 7590.80
1906.00 7290.40
1902.00 7133.00
1898.00 6903.00
1895.00 6708.20
1891.00 6565.20
1887.00 6509.20
1883.00 6382.00
1880.00 6205.20
1877.00 5957.60
1873.00 5784.40
1869.00 5671.40
1866.00 5382.80
1863.00 5220.40
1859.00 5157.00
1855.00 5049.80
1852.00 4999.60
1848.00 4813.20
1845.00 4718.80
1841.00 4717.80
1838.00 4586.40
1833.00 4447.40
1830.00 4356.40
1827.00 4315.80
1823.00 4205.00
1819.00 4180.00
1815.00 4102.40
1812.00 3993.20
1808.00 3922.60
1804.00 3844.00
1801.00 3801.60
1796.00 3714.40
1793.00 3645.20
1789.00 3567.20
1786.00 3482.40
1780.00 3441.80
1777.00 3399.80
1773.00 3401.00
1770.00 3326.40
1767.00 3277.00
1763.00 3208.40
1760.00 3130.00
1757.00 3100.60
1753.00 3064.40
1749.00 3053.60
1746.00 3048.20
1743.00 3021.60
1739.00 2959.00
1735.00 2908.00
1732.00 2946.80
1728.00 2891.40
1726.00 2811.80
1721.00 2799.20
1717.00 2804.20
1713.00 2755.80
1711.00 2695.40
1707.00 2657.80
1703.00 2674.80
1700.00 2643.40
1695.00 2624.00
1691.00 2610.20
1688.00 2566.60
1685.00 2541.60
1680.00 2524.20
1677.00 2473.00
1673.00 2434.00
1669.00 2447.60
1665.00 2422.60
1662.00 2374.20
1658.00 2346.40
1654.00 2345.20
1651.00 2341.80
1647.00 2318.20
1643.00 2325.20
1639.00 2315.60
1635.00 2283.60
1633.00 2284.00
1628.00 2267.60
1625.00 2224.80
1620.00 2264.80
1617.00 2258.20
1615.00 2215.80
1610.00 2171.80
1606.00 2147.60
1601.00 2211.00
1598.00 2192.00
1595.00 2160.60
1591.00 2158.60
1587.00 2123.80
1582.00 2150.40
1579.00 2154.80
1575.00 2131.20
1572.00 2123.20
1567.00 2099.00
1563.00 2107.00
1559.00 2120.80
1557.00 2099.80
1551.00 2103.20
1548.00 2070.40
1541.00 2109.00
1539.00 2154.80
1535.00 2156.60
1531.00 2121.00
1527.00 2094.60
1523.00 2082.20
1520.00 2106.60
1518.00 2082.20
1514.00 2085.20
1511.00 2103.00
1507.00 2136.40
1504.00 2113.40
1501.00 2096.00
1499.00 2096.60
1494.00 2096.40
1490.00 2111.20
1488.00 2110.80
1484.00 2108.20
1480.00 2113.00
1476.00 2120.80
1473.00 2089.80
1470.00 2094.40
1466.00 2096.80
1463.00 2117.60
1458.00 2090.00
1455.00 2102.00
1453.00 2093.60
1449.00 2073.60
1445.00 2063.00
1441.00 2049.80
1437.00 2078.00
1433.00 2099.60
1429.00 2107.60
1426.00 2093.20
1423.00 2067.60
1417.00 2035.60
1415.00 2021.40
1410.00 2017.00
1407.00 2029.00
1402.00 1998.60
1400.00 2000.80
1395.00 1962.60
1391.00 1977.00
1387.00 1977.80
1383.00 1973.40
1379.00 1962.40
1377.00 1976.80
1373.00 1965.20
1370.00 1962.20
1366.00 1969.00
1363.00 1980.80
1360.00 1946.00
1356.00 1919.20
1352.00 1920.40
1347.00 1947.00
1345.00 1961.20
1343.00 1926.60
1339.00 1897.00
1335.00 1867.20
1333.00 1811.40
1329.00 1739.60
1323.00 1738.80
1320.00 1755.00
1315.00 1738.60
1313.00 1761.40
1309.00 1759.40
1305.00 1749.00
1303.00 1745.40
1299.00 1734.80
1294.00 1708.20
1289.00 1731.60
1287.00 1713.60
1283.00 1713.40
1278.00 1686.00
1277.00 1596.60
1272.00 1598.80
1269.00 1544.00
1262.00 1560.00
1259.00 1547.00
1255.00 1545.20
1252.00 1519.00
1247.00 1485.80
1243.00 1458.20
1241.00 1419.40
1235.00 1395.80
1229.00 1398.40
1227.00 1383.80
1225.00 1354.80
1219.00 1341.20
1216.00 1318.00
1211.00 1307.40
1210.00 1286.40
1205.00 1280.60
1201.00 1258.00
1199.00 1231.60
1195.00 1218.60
1191.00 1184.20
1186.00 1191.80
1183.00 1186.20
1180.00 1174.80
1177.00 1164.40
1175.00 1138.00
1169.00 1115.20
1166.00 1107.40
1163.00 1102.00
1159.00 1073.80
1154.00 1048.80
1151.00 1025.40
1149.00 1004.00
1143.00 1006.20
1140.00 982.20
1137.00 975.00
1133.00 985.40
1131.00 962.40
