1138.96 1150.00
1138.69 1190.80
1138.43 1188.00
1138.16 1198.20
1137.90 1192.80
1137.63 1187.20
1137.37 1177.40
1137.11 1200.20
1136.84 1162.60
1136.58 1173.00
1136.31 1169.00
1136.05 1165.60
1135.78 1159.40
1135.52 1153.20
1135.25 1160.20
1134.99 1166.20
1134.72 1151.40
1134.46 1161.80
1134.19 1163.00
1133.93 1156.40
1133.66 1153.00
1133.40 1156.00
1133.14 1154.60
1132.87 1156.60
1132.61 1152.40
1132.34 1164.60
1132.08 1151.40
1131.81 1146.00
1131.55 1141.80
1131.28 1145.40
1131.02 1139.00
1130.75 1144.40
1130.49 1146.00
1130.22 1155.60
1129.96 1160.80
1129.69 1151.60
1129.43 1148.60
1129.17 1165.00
1128.90 1154.60
1128.64 1157.80
1128.37 1162.00
1128.11 1159.20
1127.84 1147.40
1127.58 1155.80
1127.31 1164.00
1127.05 1149.80
1126.78 1153.80
1126.52 1158.00
1126.25 1140.60
1125.99 1150.60
1125.72 1142.80
1125.46 1146.80
1125.20 1151.60
1124.93 1149.80
1124.67 1139.20
1124.40 1138.20
1124.14 1133.80
1123.87 1138.80
1123.61 1136.60
1123.34 1148.20
1123.08 1135.00
1122.81 1141.80
1122.55 1149.40
1122.28 1138.40
1122.02 1129.00
1121.75 1138.00
1121.49 1147.40
1121.22 1146.40
1120.96 1131.20
1120.69 1140.60
1120.43 1146.00
1120.17 1136.40
1119.90 1145.00
1119.64 1155.60
1119.37 1154.00
1119.11 1152.60
1118.84 1142.60
1118.58 1148.00
1118.31 1137.40
1118.05 1145.60
1117.78 1137.80
1117.52 1139.40
1117.25 1133.00
1116.99 1148.60
1116.72 1130.80
1116.46 1135.80
1116.19 1142.80
1115.93 1151.40
1115.67 1123.20
1115.40 1145.60
1115.14 1152.00
1114.87 1136.40
1114.61 1140.00
1114.34 1144.20
1114.08 1135.60
1113.81 1155.00
1113.55 1138.20
1113.28 1146.20
1113.02 1144.20
1112.75 1136.40
1112.49 1123.40
1112.22 1143.40
1111.96 1133.00
1111.69 1148.20
1111.43 1140.00
1111.16 1140.00
1110.90 1139.80
1110.63 1149.20
1110.37 1139.00
1110.11 1140.40
1109.84 1138.40
1109.58 1143.00
1109.31 1129.80
1109.05 1148.80
1108.78 1133.20
1108.52 1145.60
1108.25 1136.60
1107.99 1138.60
1107.72 1131.80
1107.46 1135.60
1107.19 1129.80
1106.93 1137.20
1106.66 1136.20
1106.40 1136.00
1106.13 1137.80
1105.87 1137.40
1105.60 1131.60
1105.34 1134.00
1105.07 1130.80
1104.81 1126.20
1104.54 1117.40
1104.28 1140.20
1104.02 1132.60
1103.75 1133.60
1103.49 1135.80
1103.22 1113.80
1102.96 1117.40
1102.69 1127.00
1102.43 1125.60
1102.16 1125.00
1101.90 1131.00
1101.63 1135.00
1101.37 1145.00
1101.10 1132.40
1100.84 1138.60
1100.57 1127.60
1100.31 1130.40
1100.04 1129.20
1099.78 1105.40
1099.51 1119.80
1099.25 1109.60
1098.98 1121.20
1098.72 1104.00
1098.45 1120.40
1098.19 1106.20
1097.92 1117.20
1097.66 1105.80
1097.40 1120.20
1097.13 1115.20
1096.87 1130.00
1096.60 1118.20
1096.34 1108.60
1096.07 1113.60
1095.81 1127.60
1095.54 1114.20
1095.28 1110.60
1095.01 1115.00
1094.75 1122.40
1094.48 1107.00
1094.22 1117.60
1093.95 1113.00
1093.69 1125.00
1093.42 1118.00
1093.16 1122.60
1092.89 1124.60
1092.63 1118.80
1092.36 1112.80
1092.10 1122.20
1091.83 1114.40
1091.57 1129.60
1091.30 1123.80
1091.04 1124.40
1090.77 1130.60
1090.51 1137.20
1090.24 1106.60
1089.98 1130.00
1089.71 1113.00
1089.45 1126.40
1089.19 1108.20
1088.92 1114.00
1088.66 1096.20
1088.39 1111.60
1088.13 1096.00
1087.86 1112.60
1087.60 1106.40
1087.33 1111.80
1087.07 1101.80
1086.80 1114.40
1086.54 1109.60
1086.27 1114.00
1086.01 1096.80
1085.74 1104.00
1085.48 1116.20
1085.21 1117.40
1084.95 1095.40
1084.68 1105.60
1084.42 1099.60
1084.15 1099.20
1083.89 1084.40
1083.62 1111.40
1083.36 1105.20
1083.09 1092.00
1082.83 1101.00
1082.56 1101.40
1082.30 1089.20
1082.03 1099.40
1081.77 1092.00
1081.50 1095.60
1081.24 1077.40
1080.97 1093.40
1080.71 1075.80
1080.44 1093.60
1080.18 1078.40
1079.91 1076.60
1079.65 1089.40
1079.38 1096.60
1079.12 1096.80
1078.85 1097.40
1078.59 1097.80
1078.32 1086.20
1078.06 1087.00
1077.79 1093.60
1077.53 1073.80
1077.27 1087.80
1077.00 1082.00
1076.74 1083.00
1076.47 1079.40
1076.21 1086.20
1075.94 1078.40
1075.68 1069.00
1075.41 1076.80
1075.15 1087.20
1074.88 1063.80
1074.62 1090.60
1074.35 1082.80
1074.09 1092.00
1073.82 1079.40
1073.56 1067.00
1073.29 1057.00
1073.03 1058.60
1072.76 1073.80
1072.50 1083.40
1072.23 1064.60
1071.97 1063.60
1071.70 1060.40
1071.44 1073.60
1071.17 1070.40
1070.91 1080.60
1070.64 1083.20
1070.38 1073.80
1070.11 1065.40
1069.85 1077.20
1069.58 1056.40
1069.32 1077.60
1069.05 1059.40
1068.79 1058.40
1068.52 1058.80
1068.26 1082.20
1067.99 1059.00
1067.73 1065.60
1067.46 1080.20
1067.20 1075.40
1066.93 1059.00
1066.67 1066.60
1066.40 1058.40
1066.14 1066.40
1065.87 1056.60
1065.61 1072.60
1065.34 1071.00
1065.08 1063.60
1064.81 1046.80
1064.55 1061.20
1064.28 1055.00
1064.02 1055.20
1063.75 1043.80
1063.49 1049.80
1063.22 1052.20
1062.96 1054.00
1062.69 1045.40
1062.43 1059.40
1062.16 1051.60
1061.90 1062.00
1061.63 1062.80
1061.37 1053.20
1061.10 1058.40
1060.84 1058.60
1060.57 1046.40
1060.31 1051.00
1060.04 1056.80
1059.78 1047.80
1059.51 1039.40
1059.25 1045.00
1058.98 1039.80
1058.72 1043.60
1058.45 1050.80
1058.19 1050.60
1057.92 1036.00
1057.66 1038.80
1057.39 1048.40
1057.13 1046.40
1056.86 1038.60
1056.60 1046.20
1056.33 1044.00
1056.07 1041.00
1055.80 1030.80
1055.54 1029.00
1055.27 1022.40
1055.01 1033.40
1054.74 1032.80
1054.48 1028.60
1054.21 1031.60
1053.95 1035.20
1053.68 1031.00
1053.42 1033.60
1053.15 1025.00
1052.89 1025.00
1052.62 1027.60
1052.36 1039.40
1052.09 1020.20
1051.83 1029.80
1051.56 997.80
1051.30 1025.40
1051.03 1019.00
1050.77 1021.60
1050.50 1026.60
1050.24 1028.60
1049.97 1030.00
1049.71 1017.40
1049.44 1015.80
1049.18 1030.40
1048.91 1023.00
1048.65 1037.20
1048.38 1027.00
1048.12 1023.60
1047.85 1024.60
1047.59 1027.40
1047.32 1010.80
1047.06 1025.20
1046.79 1021.00
1046.53 1039.40
1046.26 1020.00
1046.00 1027.20
1045.73 1018.80
1045.47 1023.00
1045.20 1008.40
1044.94 1015.20
1044.67 1016.20
1044.41 1021.40
1044.14 1010.40
1043.88 1004.80
1043.61 1017.60
1043.35 1022.20
1043.08 1001.00
1042.82 1017.00
1042.55 1007.80
1042.29 1008.80
1042.02 1003.20
1041.76 1014.20
1041.49 1002.00
1041.23 1004.20
1040.96 999.60
1040.70 996.60
1040.43 1000.80
1040.16 1004.60
1039.90 1002.60
1039.63 1000.60
1039.37 1000.80
1039.10 985.80
1038.84 985.20
1038.57 1006.80
1038.31 991.40
1038.04 997.20
1037.78 1004.40
1037.51 996.40
1037.25 984.00
1036.98 993.20
1036.72 993.60
1036.45 1015.20
1036.19 1004.00
1035.92 1010.40
1035.66 1012.80
1035.39 1001.60
1035.13 996.80
1034.86 999.80
1034.60 999.80
1034.33 998.20
1034.07 987.40
1033.80 995.60
1033.54 975.60
1033.27 973.00
1033.01 969.40
1032.74 990.40
1032.48 975.40
1032.21 985.60
1031.95 985.80
1031.68 992.80
1031.42 971.60
1031.15 987.80
1030.89 972.60
1030.62 984.20
1030.36 984.40
1030.09 988.80
1029.83 980.00
1029.56 983.60
1029.30 971.60
1029.03 985.20
1028.77 980.00
1028.50 984.40
1028.23 973.80
1027.97 989.60
1027.70 985.60
1027.44 980.20
1027.17 982.20
1026.91 982.20
1026.64 975.00
1026.38 979.80
1026.11 978.60
1025.85 985.80
1025.58 974.80
1025.32 973.40
1025.05 973.00
1024.79 985.00
1024.52 978.80
1024.26 972.20
1023.99 970.40
1023.73 978.80
1023.46 963.60
1023.20 980.60
1022.93 972.00
1022.67 977.80
1022.40 970.00
1022.14 969.00
1021.87 967.40
1021.61 969.60
1021.34 976.80
1021.08 968.20
1020.81 956.00
1020.55 975.20
1020.28 963.40
1020.02 974.80
1019.75 967.40
1019.48 977.60
1019.22 969.80
1018.95 973.00
1018.69 978.60
1018.42 976.80
1018.16 980.40
1017.89 981.40
1017.63 983.80
1017.36 973.40
1017.10 966.00
1016.83 971.60
1016.57 974.20
1016.30 972.40
1016.04 961.40
1015.77 980.20
1015.51 972.60
1015.24 978.00
1014.98 964.00
1014.71 976.00
1014.45 975.60
1014.18 977.00
1013.92 975.60
1013.65 970.60
1013.39 957.40
1013.12 971.00
1012.85 963.60
1012.59 980.40
1012.32 963.80
1012.06 959.20
1011.79 959.60
1011.53 966.20
1011.26 957.80
1011.00 963.20
1010.73 953.60
1010.47 972.40
1010.20 951.80
1009.94 975.40
1009.67 963.00
1009.41 955.20
1009.14 949.80
1008.88 956.00
1008.61 939.80
1008.35 970.80
1008.08 955.60
1007.82 956.60
1007.55 957.00
1007.29 966.00
1007.02 960.40
1006.75 967.60
1006.49 955.80
1006.22 965.00
1005.96 957.00
1005.69 961.80
1005.43 953.60
1005.16 961.80
1004.90 963.80
1004.63 968.60
1004.37 950.00
1004.10 957.40
1003.84 953.00
1003.57 972.20
1003.31 951.60
1003.04 973.20
1002.78 951.40
1002.51 964.40
1002.25 941.00
1001.98 960.40
1001.71 950.80
1001.45 956.40
1001.18 947.60
1000.92 963.80
1000.65 962.00
1000.39 962.40
1000.12 942.40
999.86 947.60
999.59 947.20
999.33 952.40
999.06 956.80
998.80 951.40
998.53 939.40
998.27 961.00
998.00 931.80
997.74 956.20
997.47 947.40
997.21 959.40
996.94 946.80
996.67 954.60
996.41 952.00
996.14 956.60
995.88 954.20
995.61 964.00
995.35 944.80
995.08 958.80
994.82 940.80
994.55 946.00
994.29 950.20
994.02 952.40
993.76 953.00
993.49 956.20
993.23 950.40
992.96 965.20
992.70 945.20
992.43 943.60
992.16 947.00
991.90 953.80
991.63 945.40
991.37 957.80
991.10 950.60
990.84 952.00
990.57 960.40
990.31 946.40
990.04 949.80
989.78 946.00
989.51 938.80
989.25 950.20
988.98 949.20
988.72 950.20
988.45 948.00
988.19 960.80
987.92 957.60
987.65 956.40
987.39 954.00
987.12 960.40
986.86 963.60
986.59 962.20
986.33 944.60
986.06 959.20
985.80 947.40
985.53 962.80
985.27 968.60
985.00 968.60
984.74 966.60
984.47 978.20
984.21 969.20
983.94 963.80
983.67 972.00
983.41 974.20
983.14 960.00
982.88 973.20
982.61 962.60
982.35 983.80
982.08 978.20
981.82 983.00
981.55 977.80
981.29 971.80
981.02 978.00
980.76 972.40
980.49 972.20
980.22 981.60
979.96 975.20
979.69 990.20
979.43 981.60
979.16 999.00
978.90 982.20
978.63 980.80
978.37 989.00
978.10 994.80
977.84 977.40
977.57 978.80
977.31 981.60
977.04 992.80
976.78 962.40
976.51 985.00
976.24 985.60
975.98 992.80
975.71 971.20
975.45 985.40
975.18 976.80
974.92 990.40
974.65 987.00
974.39 998.80
974.12 985.20
973.86 995.00
973.59 994.00
973.33 995.20
973.06 988.00
972.79 1006.00
972.53 995.20
972.26 1013.80
972.00 990.00
971.73 1009.20
971.47 1007.40
971.20 1001.80
970.94 983.00
970.67 1009.00
970.41 986.20
970.14 1010.00
969.87 1009.60
969.61 1017.40
969.34 1006.80
969.08 1005.00
968.81 1003.00
968.55 1014.00
968.28 1015.00
968.02 1019.60
967.75 1003.40
967.49 1007.80
967.22 989.00
966.96 1015.80
966.69 1000.80
966.42 1013.40
966.16 1012.60
965.89 1024.20
965.63 1008.20
965.36 1025.60
965.10 1021.80
964.83 1024.20
964.57 1012.80
964.30 1021.40
964.04 1029.40
963.77 1039.20
963.50 1029.80
963.24 1034.40
962.97 1031.20
962.71 1020.20
962.44 1023.60
962.18 1041.60
961.91 1018.80
961.65 1031.80
961.38 1019.80
961.12 1030.00
960.85 1012.40
960.59 1033.40
960.32 1010.20
960.05 1019.60
959.79 1013.20
959.52 1023.00
959.26 1017.00
958.99 1021.20
958.73 1010.80
958.46 1022.20
958.20 1014.40
957.93 1015.40
957.67 1015.40
957.40 1018.60
957.13 1017.80
956.87 1025.40
956.60 1020.80
956.34 1027.20
956.07 1023.60
955.81 1015.60
955.54 1011.40
955.28 1019.00
955.01 1019.80
954.74 1025.80
954.48 1020.80
954.21 1019.80
953.95 1026.00
953.68 1028.60
953.42 1020.20
953.15 1010.60
952.89 1008.20
952.62 1019.40
952.36 1017.60
952.09 1019.80
951.82 1019.60
951.56 1008.00
951.29 1005.20
951.03 1016.00
950.76 1004.60
950.50 1013.20
950.23 1010.60
949.97 1009.20
949.70 1019.00
949.44 1014.20
949.17 1009.40
948.90 1002.20
948.64 1002.20
948.37 1009.80
948.11 1005.20
947.84 1008.20
947.58 1010.20
947.31 1014.00
947.05 1003.80
946.78 1016.20
946.51 1008.00
946.25 1014.00
945.98 1001.00
945.72 1009.40
945.45 1009.00
945.19 1009.00
944.92 1010.80
944.66 1019.40
944.39 1017.40
944.13 1020.20
943.86 1006.60
943.59 1028.60
943.33 1018.60
943.06 1033.20
942.80 1023.00
942.53 1030.20
942.27 1050.00
942.00 1059.20
941.74 1053.60
941.47 1055.00
941.20 1048.80
940.94 1067.80
940.67 1057.80
940.41 1069.40
940.14 1059.60
939.88 1072.80
939.61 1063.80
939.35 1087.40
939.08 1082.00
938.81 1104.60
938.55 1102.20
938.28 1117.20
938.02 1115.00
937.75 1142.60
937.49 1123.60
937.22 1157.40
936.96 1162.80
936.69 1164.20
936.42 1162.40
936.16 1172.20
935.89 1170.60
935.63 1185.00
935.36 1181.40
935.10 1189.00
934.83 1196.00
934.57 1209.80
934.30 1187.60
934.03 1201.80
933.77 1214.20
933.50 1216.00
933.24 1208.20
932.97 1227.40
932.71 1228.00
932.44 1234.20
932.18 1235.80
931.91 1236.20
931.64 1237.40
931.38 1241.80
931.11 1233.20
930.85 1219.40
930.58 1234.20
930.32 1235.40
930.05 1238.00
929.79 1244.00
929.52 1245.40
929.25 1229.40
928.99 1238.40
928.72 1247.60
928.46 1256.20
928.19 1281.20
927.93 1279.20
927.66 1272.20
927.39 1267.80
927.13 1286.40
926.86 1287.20
926.60 1281.20
926.33 1274.80
926.07 1278.00
925.80 1281.20
925.54 1310.80
925.27 1295.20
925.00 1309.20
924.74 1292.20
924.47 1314.00
924.21 1294.60
923.94 1296.20
923.68 1297.20
923.41 1297.80
923.14 1281.40
922.88 1285.80
922.61 1296.00
922.35 1309.60
922.08 1283.60
921.82 1307.20
921.55 1299.40
921.29 1318.20
921.02 1291.40
920.75 1323.00
920.49 1305.60
920.22 1300.80
919.96 1314.40
919.69 1333.40
919.43 1317.00
919.16 1310.00
918.89 1319.20
918.63 1324.40
918.36 1316.40
918.10 1315.00
917.83 1302.00
917.57 1314.20
917.30 1299.60
917.04 1318.40
916.77 1310.00
916.50 1333.40
916.24 1320.80
915.97 1325.20
915.71 1321.80
915.44 1326.60
915.18 1327.80
914.91 1317.80
914.64 1328.40
914.38 1359.60
914.11 1326.60
913.85 1349.60
913.58 1336.20
913.32 1355.40
913.05 1342.20
912.78 1347.00
912.52 1339.00
912.25 1366.00
911.99 1350.00
911.72 1348.60
911.46 1342.80
911.19 1342.80
910.93 1335.60
910.66 1354.60
910.39 1349.40
910.13 1356.20
909.86 1349.80
909.60 1343.00
909.33 1340.20
909.07 1351.00
908.80 1338.40
908.53 1346.80
908.27 1337.80
908.00 1348.60
907.74 1352.20
907.47 1349.40
907.21 1352.00
906.94 1350.00
906.67 1352.80
906.41 1355.60
906.14 1357.20
905.88 1368.20
905.61 1377.60
905.35 1364.60
905.08 1372.40
904.81 1368.00
904.55 1365.60
904.28 1368.20
904.02 1364.60
903.75 1351.20
903.49 1360.20
903.22 1362.00
902.95 1342.20
902.69 1366.80
902.42 1363.00
902.16 1348.20
901.89 1343.80
901.63 1344.60
901.36 1358.80
901.09 1358.60
900.83 1353.00
900.56 1357.00
900.30 1356.20
900.03 1355.40
899.77 1350.20
899.50 1359.60
899.23 1364.60
898.97 1364.40
898.70 1366.00
898.44 1378.20
898.17 1358.00
897.91 1382.40
897.64 1386.00
897.37 1382.00
897.11 1392.00
896.84 1389.60
896.58 1382.60
896.31 1393.40
896.05 1377.00
895.78 1385.60
895.51 1397.60
895.25 1414.40
894.98 1406.20
894.72 1419.60
894.45 1427.80
894.19 1437.20
893.92 1424.60
893.65 1449.20
893.39 1444.00
893.12 1456.00
892.86 1478.00
892.59 1458.00
892.33 1471.60
892.06 1478.20
891.79 1476.40
891.53 1472.20
891.26 1464.00
891.00 1470.00
890.73 1460.80
890.46 1466.40
890.20 1488.40
889.93 1472.20
889.67 1481.40
889.40 1477.60
889.14 1475.00
888.87 1479.20
888.60 1461.40
888.34 1483.60
888.07 1461.40
887.81 1499.40
887.54 1480.00
887.28 1468.60
887.01 1488.00
886.74 1488.40
886.48 1507.80
886.21 1515.20
885.95 1511.40
885.68 1515.40
885.42 1534.80
885.15 1528.20
884.88 1513.20
884.62 1512.80
884.35 1522.20
884.09 1525.60
883.82 1500.80
883.55 1528.40
883.29 1508.20
883.02 1527.80
882.76 1527.20
882.49 1520.80
882.23 1517.00
881.96 1521.60
881.69 1527.00
881.43 1538.40
881.16 1531.60
880.90 1537.60
880.63 1531.20
880.36 1548.40
880.10 1535.40
879.83 1547.20
879.57 1544.60
879.30 1563.20
879.04 1563.00
878.77 1579.00
878.50 1548.80
878.24 1584.20
877.97 1554.20
877.71 1582.40
877.44 1580.40
877.17 1602.80
876.91 1591.20
876.64 1598.40
876.38 1602.40
876.11 1612.00
875.85 1620.00
875.58 1621.20
875.31 1613.80
875.05 1617.80
874.78 1632.20
874.52 1636.80
874.25 1624.80
873.98 1649.20
873.72 1643.20
873.45 1649.20
873.19 1663.80
872.92 1676.80
872.66 1685.00
872.39 1686.60
872.12 1673.40
871.86 1679.60
871.59 1677.40
871.33 1716.20
871.06 1703.40
870.79 1719.00
870.53 1710.40
870.26 1728.80
870.00 1735.40
869.73 1749.80
869.47 1752.40
869.20 1756.80
868.93 1751.00
868.67 1759.80
868.40 1780.60
868.14 1789.60
867.87 1770.80
867.60 1793.20
867.34 1787.20
867.07 1795.40
866.81 1777.80
866.54 1798.80
866.28 1810.40
866.01 1814.80
865.74 1821.80
865.48 1836.40
865.21 1835.00
864.95 1832.80
864.68 1865.20
864.41 1859.80
864.15 1862.00
863.88 1866.00
863.62 1854.20
863.35 1871.40
863.08 1871.00
862.82 1873.00
862.55 1892.20
862.29 1897.20
862.02 1923.80
861.76 1940.00
861.49 1940.40
861.22 1966.00
860.96 1951.80
860.69 1965.60
860.43 1963.20
860.16 1976.60
859.89 1983.60
859.63 1979.60
859.36 1985.80
859.10 2003.20
858.83 2005.00
858.56 1997.00
858.30 2012.40
858.03 1996.40
857.77 2014.00
857.50 2004.80
857.23 1989.60
856.97 2021.80
856.70 2022.20
856.44 2043.60
856.17 2059.60
855.90 2089.40
855.64 2061.40
855.37 2061.00
855.11 2075.20
854.84 2085.20
854.58 2085.20
854.31 2080.60
854.04 2078.60
853.78 2105.00
853.51 2108.00
853.25 2107.60
852.98 2137.40
852.71 2147.20
852.45 2142.40
852.18 2153.40
851.92 2141.60
851.65 2187.20
851.38 2163.20
851.12 2192.20
850.85 2204.20
850.59 2212.20
850.32 2227.80
850.05 2243.80
849.79 2255.40
849.52 2267.20
849.26 2263.80
848.99 2267.40
848.72 2269.60
848.46 2270.00
848.19 2292.40
847.93 2279.40
847.66 2299.00
847.39 2305.60
847.13 2300.00
846.86 2304.00
846.60 2331.00
846.33 2330.40
846.06 2350.40
845.80 2353.20
845.53 2382.60
845.27 2388.80
845.00 2383.60
844.74 2401.00
844.47 2419.80
844.20 2446.20
843.94 2447.20
843.67 2456.40
843.41 2457.20
843.14 2461.80
842.87 2460.80
842.61 2453.60
842.34 2487.40
842.08 2479.60
841.81 2483.20
841.54 2517.20
841.28 2511.40
841.01 2521.40
840.75 2509.60
840.48 2505.20
840.21 2512.40
839.95 2531.20
839.68 2516.60
839.42 2547.20
839.15 2575.20
838.88 2593.20
838.62 2602.20
838.35 2615.80
838.09 2619.40
837.82 2660.40
837.55 2660.40
837.29 2654.00
837.02 2688.00
836.76 2683.60
836.49 2709.80
836.22 2702.80
835.96 2725.80
835.69 2716.60
835.43 2725.80
835.16 2740.20
834.89 2760.80
834.63 2732.80
834.36 2725.60
834.10 2767.60
833.83 2765.20
833.56 2773.00
833.30 2785.80
833.03 2818.40
832.77 2806.60
832.50 2810.60
832.23 2820.20
831.97 2806.40
831.70 2807.20
831.43 2818.80
831.17 2827.40
830.90 2850.40
830.64 2874.60
830.37 2901.00
830.10 2921.40
829.84 2904.80
829.57 2930.40
829.31 2944.20
829.04 2946.80
828.77 2958.60
828.51 2979.00
828.24 2972.00
827.98 2971.20
827.71 3006.60
827.44 3035.00
827.18 3065.60
826.91 3085.40
826.65 3114.20
826.38 3132.40
826.11 3132.20
825.85 3165.60
825.58 3157.80
825.32 3159.40
825.05 3180.80
824.78 3181.20
824.52 3215.20
824.25 3211.80
823.99 3213.00
823.72 3226.20
823.45 3222.40
823.19 3264.40
822.92 3246.60
822.66 3268.60
822.39 3267.80
822.12 3270.40
821.86 3230.80
821.59 3255.20
821.32 3253.20
821.06 3291.40
820.79 3318.20
820.53 3316.00
820.26 3330.80
819.99 3366.00
819.73 3370.80
819.46 3405.80
819.20 3428.60
818.93 3442.20
818.66 3463.80
818.40 3487.00
818.13 3494.40
817.87 3496.20
817.60 3531.80
817.33 3533.80
817.07 3528.80
816.80 3515.00
816.54 3532.20
816.27 3542.80
816.00 3566.00
815.74 3597.60
815.47 3582.80
815.20 3602.00
814.94 3590.20
814.67 3594.40
814.41 3610.00
814.14 3629.00
813.87 3642.00
813.61 3670.60
813.34 3666.40
813.08 3659.00
812.81 3727.00
812.54 3732.20
812.28 3730.40
812.01 3774.00
811.75 3779.40
811.48 3797.80
811.21 3790.40
810.95 3817.40
810.68 3852.40
810.41 3880.00
810.15 3875.40
809.88 3900.40
809.62 3924.60
809.35 3931.40
809.08 3928.20
808.82 3938.20
808.55 3961.80
808.29 3994.20
808.02 4022.00
807.75 4052.60
807.49 4066.00
807.22 4096.00
806.95 4071.40
806.69 4086.20
806.42 4091.40
806.16 4106.20
805.89 4131.40
805.62 4150.00
805.36 4152.80
805.09 4169.60
804.83 4160.00
804.56 4164.20
804.29 4182.20
804.03 4186.60
803.76 4205.80
803.49 4197.40
803.23 4224.20
802.96 4272.00
802.70 4272.00
802.43 4255.80
802.16 4304.80
801.90 4307.40
801.63 4337.40
801.37 4351.20
801.10 4339.80
800.83 4366.20
800.57 4364.40
800.30 4383.20
800.03 4395.60
799.77 4394.40
799.50 4397.40
799.24 4417.80
798.97 4440.40
798.70 4482.00
798.44 4516.40
798.17 4552.40
797.90 4579.00
797.64 4583.80
797.37 4590.00
797.11 4594.60
796.84 4637.40
796.57 4627.80
796.31 4634.60
796.04 4643.60
795.78 4666.20
795.51 4704.80
795.24 4721.80
794.98 4727.80
794.71 4770.80
794.44 4783.60
794.18 4818.20
793.91 4790.60
793.65 4772.40
793.38 4764.00
793.11 4739.20
792.85 4740.00
792.58 4719.20
792.31 4717.40
792.05 4703.80
791.78 4718.00
791.52 4735.40
791.25 4778.60
790.98 4814.00
790.72 4826.40
790.45 4834.40
790.19 4856.40
789.92 4847.00
789.65 4866.80
789.39 4879.40
789.12 4908.20
788.85 4912.20
788.59 4914.00
788.32 4956.00
788.06 4991.20
787.79 5018.20
787.52 5047.80
787.26 5027.80
786.99 5035.40
786.72 5033.20
786.46 5015.20
786.19 5018.60
785.93 5033.40
785.66 5056.20
785.39 5072.60
785.13 5133.20
784.86 5160.60
784.59 5171.40
784.33 5215.80
784.06 5226.00
783.80 5247.80
783.53 5286.00
783.26 5297.60
783.00 5272.80
782.73 5266.60
782.46 5282.40
782.20 5298.00
781.93 5311.20
781.67 5281.40
781.40 5297.80
781.13 5348.80
780.87 5352.00
780.60 5328.00
780.33 5352.60
780.07 5377.80
779.80 5421.60
779.54 5454.20
779.27 5529.60
779.00 5548.80
778.74 5574.00
778.47 5584.20
778.20 5580.80
777.94 5601.80
777.67 5578.40
777.40 5600.20
777.14 5611.40
776.87 5660.80
776.61 5642.40
776.34 5692.20
776.07 5715.80
775.81 5787.80
775.54 5792.40
775.27 5781.00
775.01 5841.80
774.74 5849.60
774.48 5790.60
774.21 5835.80
773.94 5858.40
773.68 5884.00
773.41 5875.60
773.14 5931.80
772.88 5924.80
772.61 5918.60
772.35 5930.40
772.08 5931.40
771.81 5919.00
771.55 5967.40
771.28 5945.80
771.01 5945.40
770.75 5938.40
770.48 5962.20
770.21 5984.60
769.95 6028.20
769.68 6082.00
769.42 6159.60
769.15 6183.00
768.88 6236.20
768.62 6235.60
768.35 6286.80
768.08 6299.20
767.82 6334.00
767.55 6362.20
767.29 6372.20
767.02 6395.00
766.75 6381.60
766.49 6392.80
766.22 6391.80
765.95 6395.80
765.69 6393.60
765.42 6447.40
765.15 6421.00
764.89 6445.20
764.62 6488.40
764.36 6484.80
764.09 6549.40
763.82 6592.20
763.56 6626.20
763.29 6635.00
763.02 6690.40
762.76 6745.40
762.49 6770.00
762.23 6790.20
761.96 6798.00
761.69 6802.40
761.43 6842.00
761.16 6823.60
760.89 6845.60
760.63 6838.80
760.36 6864.60
760.09 6840.00
759.83 6859.00
759.56 6819.80
759.30 6865.20
759.03 6880.80
758.76 6893.20
758.50 6909.00
758.23 6956.80
757.96 6992.20
757.70 7039.20
757.43 7012.40
757.16 7067.20
756.90 7074.80
756.63 7103.80
756.37 7085.60
756.10 7168.00
755.83 7134.80
755.57 7169.60
755.30 7161.00
755.03 7216.40
754.77 7196.80
754.50 7200.60
754.23 7216.20
753.97 7280.20
753.70 7285.00
753.43 7309.60
753.17 7282.00
752.90 7292.60
752.64 7295.20
752.37 7336.20
752.10 7377.00
751.84 7369.00
751.57 7344.20
751.30 7359.20
751.04 7409.80
750.77 7370.80
750.50 7399.60
750.24 7479.60
749.97 7536.00
749.71 7575.00
749.44 7643.80
749.17 7651.00
748.91 7641.20
748.64 7660.00
748.37 7678.40
748.11 7748.00
747.84 7802.40
747.57 7821.00
747.31 7846.20
747.04 7857.00
746.77 7876.40
746.51 7914.20
746.24 7944.40
745.98 7979.80
745.71 7944.40
745.44 7948.80
745.18 7949.20
744.91 7986.40
744.64 7995.60
744.38 7999.20
744.11 7992.80
743.84 7992.20
743.58 7984.00
743.31 7984.00
743.04 8015.80
742.78 8025.20
742.51 8044.20
742.25 8113.40
741.98 8130.60
741.71 8141.20
741.45 8117.20
741.18 8078.40
740.91 8098.60
740.65 8135.00
740.38 8131.20
740.11 8189.20
739.85 8186.80
739.58 8245.40
739.31 8309.00
739.05 8324.00
738.78 8360.80
738.52 8405.40
738.25 8389.00
737.98 8443.80
737.72 8441.80
737.45 8431.00
737.18 8409.80
736.92 8453.40
736.65 8405.80
736.38 8414.00
736.12 8500.40
735.85 8589.40
735.58 8672.80
735.32 8706.60
735.05 8708.40
734.78 8807.80
734.52 8731.40
734.25 8756.60
733.99 8767.60
733.72 8780.60
733.45 8775.60
733.19 8782.00
732.92 8814.80
732.65 8798.60
732.39 8815.80
732.12 8867.80
731.85 8908.60
731.59 8967.60
731.32 8968.80
731.05 9030.80
730.79 9036.20
730.52 9081.40
730.25 9091.40
729.99 9111.00
729.72 9123.80
729.45 9168.60
729.19 9144.60
728.92 9225.00
728.66 9202.80
728.39 9173.40
728.12 9241.60
727.86 9263.60
727.59 9241.60
727.32 9273.60
727.06 9309.20
726.79 9350.20
726.52 9332.00
726.26 9359.00
725.99 9328.60
725.72 9349.00
725.46 9345.60
725.19 9411.60
724.92 9441.20
724.66 9489.40
724.39 9509.00
724.12 9563.20
723.86 9555.40
723.59 9641.80
723.33 9660.40
723.06 9705.60
722.79 9730.80
722.53 9823.00
722.26 9806.00
721.99 9785.60
721.73 9761.40
721.46 9746.00
721.19 9760.80
720.93 9835.80
720.66 9842.00
720.39 9832.20
720.13 9829.60
719.86 9935.20
719.59 9912.20
719.33 9998.00
719.06 10034.60
718.79 10026.60
718.53 10073.40
718.26 10101.80
717.99 10126.80
717.73 10235.20
717.46 10270.20
717.19 10360.20
716.93 10351.00
716.66 10383.20
716.40 10355.40
716.13 10386.60
715.86 10394.60
715.60 10421.60
715.33 10429.60
715.06 10408.00
714.80 10403.20
714.53 10436.40
714.26 10457.20
714.00 10469.40
713.73 10489.00
713.46 10587.20
713.20 10582.20
712.93 10678.60
712.66 10687.00
712.40 10740.60
712.13 10747.80
711.86 10801.40
711.60 10787.60
711.33 10797.40
711.06 10784.60
710.80 10803.20
710.53 10753.80
710.26 10814.00
710.00 10778.80
709.73 10850.40
709.46 10907.40
709.20 10919.40
708.93 10950.40
708.66 11030.40
708.40 10989.60
708.13 11005.80
707.86 10983.60
707.60 11020.20
707.33 10995.80
707.06 11038.00
706.80 11034.60
706.53 11120.00
706.27 11150.60
706.00 11220.80
705.73 11216.20
705.47 11241.40
705.20 11275.60
704.93 11279.80
704.67 11227.20
704.40 11185.20
704.13 11182.00
703.87 11174.60
703.60 11111.40
703.33 11140.80
703.07 11136.80
702.80 11178.80
702.53 11141.20
702.27 11192.80
702.00 11179.60
701.73 11180.00
701.47 11164.80
701.20 11168.20
700.93 11117.80
700.67 11163.20
700.40 11141.60
700.13 11174.00
699.87 11223.00
699.60 11328.40
699.33 11331.40
699.07 11263.60
698.80 11241.60
698.53 11294.20
698.27 11302.80
698.00 11296.20
697.73 11289.60
697.47 11328.60
697.20 11287.80
696.93 11350.60
696.67 11353.20
696.40 11416.20
696.13 11378.00
695.87 11456.40
695.60 11504.80
695.33 11603.60
695.07 11578.40
694.80 11595.60
694.53 11609.00
694.27 11652.00
694.00 11615.60
693.73 11693.00
693.47 11639.40
693.20 11660.80
692.93 11656.00
692.67 11654.60
692.40 11653.00
692.13 11729.80
691.87 11797.80
691.60 11868.20
691.33 11928.00
691.07 11957.80
690.80 11974.00
690.53 12049.60
690.27 12107.00
690.00 12101.20
689.73 12051.40
689.47 12084.80
689.20 12090.40
688.93 12166.80
688.67 12156.20
688.40 12162.80
688.13 12117.00
687.87 12073.00
687.60 11994.60
687.33 11988.60
687.07 11899.20
686.80 11973.00
686.53 11960.60
686.27 11998.40
686.00 11995.80
685.73 12007.40
685.47 11990.60
685.20 11955.20
684.93 11939.80
684.67 11963.60
684.40 11960.20
684.13 11988.80
683.87 11964.40
683.60 12021.80
683.33 11940.80
683.07 11970.00
682.80 11952.20
682.53 11963.40
682.27 12002.00
682.00 12006.00
681.73 12032.60
681.47 12096.00
681.20 12073.60
680.93 12152.20
680.67 12170.20
680.40 12216.20
680.13 12126.60
679.87 12192.60
679.60 12190.20
679.33 12272.80
679.07 12280.60
678.80 12357.60
678.53 12342.80
678.27 12322.00
678.00 12279.40
677.73 12285.40
677.47 12238.80
677.20 12229.00
676.93 12196.20
676.66 12208.40
676.40 12214.40
676.13 12232.80
675.86 12341.60
675.60 12367.00
675.33 12425.80
675.06 12516.80
674.80 12538.20
674.53 12514.60
674.26 12457.80
674.00 12478.20
673.73 12458.20
673.46 12477.20
673.20 12556.60
672.93 12598.00
672.66 12634.80
672.40 12661.20
672.13 12682.80
671.86 12689.80
671.60 12605.20
671.33 12616.40
671.06 12624.40
670.80 12624.80
670.53 12587.60
670.26 12596.60
670.00 12585.80
669.73 12594.20
669.46 12662.40
669.20 12745.40
668.93 12811.20
668.66 12807.60
668.40 12851.00
668.13 12866.60
667.86 12847.20
667.60 12903.20
667.33 12960.20
667.06 12976.80
666.79 13020.00
666.53 13083.40
666.26 13111.60
665.99 13186.00
665.73 13210.20
665.46 13265.00
665.19 13258.00
664.93 13199.00
664.66 13177.60
664.39 13116.60
664.13 13098.00
663.86 13108.20
663.59 13087.40
663.33 13174.40
663.06 13175.40
662.79 13223.80
662.53 13206.60
662.26 13219.80
661.99 13194.40
661.73 13177.40
661.46 13175.80
661.19 13282.80
660.93 13295.40
660.66 13380.40
660.39 13409.80
660.12 13478.40
659.86 13498.40
659.59 13530.00
659.32 13555.80
659.06 13636.60
658.79 13635.60
658.52 13652.00
658.26 13641.20
657.99 13740.80
657.72 13720.20
657.46 13744.40
657.19 13696.60
656.92 13735.20
656.66 13730.80
656.39 13768.40
656.12 13777.40
655.86 13825.40
655.59 13879.80
655.32 13901.80
655.06 13846.00
654.79 13795.80
654.52 13725.40
654.25 13714.20
653.99 13649.60
653.72 13612.80
653.45 13559.00
653.19 13614.20
652.92 13608.20
652.65 13645.40
652.39 13713.20
652.12 13787.20
651.85 13794.60
651.59 13837.20
651.32 13871.00
651.05 13943.00
650.79 13967.20
650.52 14024.80
650.25 14054.40
649.99 14107.00
649.72 14125.80
649.45 14102.00
649.18 14114.80
648.92 14149.80
648.65 14176.00
648.38 14205.40
648.12 14265.40
647.85 14261.60
647.58 14307.00
647.32 14315.60
647.05 14232.00
646.78 14250.00
646.52 14208.60
646.25 14200.40
645.98 14215.60
645.72 14216.20
645.45 14236.80
645.18 14272.20
644.91 14309.00
644.65 14327.60
644.38 14283.40
644.11 14338.60
643.85 14406.20
643.58 14429.20
643.31 14414.40
643.05 14428.00
642.78 14383.80
642.51 14416.20
642.25 14464.00
641.98 14510.40
641.71 14519.20
641.45 14505.20
641.18 14435.40
640.91 14363.40
640.64 14340.80
640.38 14354.60
640.11 14292.40
639.84 14323.80
639.58 14344.20
639.31 14379.00
639.04 14351.00
638.78 14369.60
638.51 14353.60
638.24 14391.00
637.98 14376.40
637.71 14437.20
637.44 14420.60
637.17 14453.20
636.91 14448.80
636.64 14518.40
636.37 14497.00
636.11 14520.20
635.84 14493.60
635.57 14462.20
635.31 14390.00
635.04 14392.60
634.77 14332.60
634.51 14348.20
634.24 14351.20
633.97 14342.60
633.70 14244.40
633.44 14263.20
633.17 14219.40
632.90 14153.20
632.64 14075.20
632.37 14006.00
632.10 13930.40
631.84 13853.60
631.57 13731.20
631.30 13628.80
631.04 13582.00
630.77 13483.40
630.50 13391.40
630.23 13361.60
629.97 13288.80
629.70 13255.40
629.43 13185.20
629.17 13179.40
628.90 13161.40
628.63 13142.60
628.37 13071.80
628.10 12980.00
627.83 12907.40
627.56 12797.20
627.30 12694.00
627.03 12576.80
626.76 12422.20
626.50 12383.40
626.23 12319.80
625.96 12320.80
625.70 12245.60
625.43 12283.00
625.16 12284.40
624.90 12335.40
624.63 12433.60
624.36 12499.80
624.09 12514.60
623.83 12675.60
623.56 12856.20
623.29 13010.80
623.03 13230.60
622.76 13476.00
622.49 13754.40
622.23 13968.40
621.96 14154.40
621.69 14277.40
621.42 14365.20
621.16 14408.00
620.89 14428.40
620.62 14486.80
620.36 14519.60
620.09 14501.60
619.82 14410.00
619.56 14386.20
619.29 14317.40
619.02 14265.40
618.75 14268.40
618.49 14186.20
618.22 14169.40
617.95 14248.60
617.69 14261.00
617.42 14356.60
617.15 14411.60
616.89 14469.40
616.62 14552.40
616.35 14560.00
616.08 14538.40
615.82 14560.20
615.55 14526.80
615.28 14521.80
615.02 14469.20
614.75 14541.60
614.48 14547.20
614.22 14588.60
613.95 14654.20
613.68 14742.00
613.41 14750.80
613.15 14732.40
612.88 14688.60
612.61 14719.20
612.35 14754.60
612.08 14755.20
611.81 14786.80
611.55 14765.60
611.28 14753.00
611.01 14838.40
610.74 14818.60
610.48 14860.40
610.21 14888.40
609.94 14967.00
609.68 14941.00
609.41 14918.20
609.14 14839.20
608.87 14789.80
608.61 14734.80
608.34 14785.40
608.07 14819.60
607.81 14819.40
607.54 14825.40
607.27 14843.40
607.01 14841.00
606.74 14854.20
606.47 14820.20
606.20 14829.80
605.94 14821.00
605.67 14859.60
605.40 14869.40
605.14 14887.60
604.87 14893.00
604.60 14950.60
604.33 14935.20
604.07 14953.80
603.80 14935.20
603.53 14852.40
603.27 14904.60
603.00 14955.00
602.73 14974.20
602.47 14992.60
602.20 15039.20
601.93 15116.20
601.66 15167.80
601.40 15178.80
601.13 15148.60
600.86 15128.80
600.60 15139.20
600.33 15129.60
600.06 15096.00
599.79 15099.60
599.53 15068.40
599.26 15050.20
598.99 14998.80
598.73 14975.60
598.46 14984.60
598.19 15069.40
597.92 15056.80
597.66 15099.60
597.39 15041.60
597.12 15093.60
596.86 15159.80
596.59 15119.40
596.32 15099.40
596.06 15057.60
595.79 15083.00
595.52 15047.00
595.25 15113.20
594.99 15145.20
594.72 15115.20
594.45 15113.60
594.19 15093.80
593.92 15091.00
593.65 15093.00
593.38 15072.00
593.12 15092.60
592.85 15120.00
592.58 15181.80
592.32 15179.00
592.05 15162.00
591.78 15188.60
591.51 15112.80
591.25 15115.60
590.98 15082.20
590.71 15102.60
590.45 15074.60
590.18 15049.00
589.91 15096.20
589.64 15129.60
589.38 15054.60
589.11 15030.40
588.84 14996.60
588.58 15005.00
588.31 15011.40
588.04 14951.60
587.77 14909.60
587.51 14862.80
587.24 14902.00
586.97 14954.80
586.71 15006.60
586.44 15024.60
586.17 14991.60
585.90 14994.80
585.64 14939.80
585.37 15022.40
585.10 15053.80
584.84 15086.20
584.57 15083.80
584.30 15115.20
584.03 15097.20
583.77 15113.20
583.50 15095.80
583.23 15042.80
582.97 14973.40
582.70 14995.40
582.43 14949.80
582.16 14912.80
581.90 14901.80
581.63 14820.00
581.36 14812.80
581.10 14816.40
580.83 14812.20
580.56 14784.20
580.29 14846.40
580.03 14871.60
579.76 14862.20
579.49 14845.40
579.23 14771.80
578.96 14736.20
578.69 14675.40
578.42 14676.00
578.16 14594.00
577.89 14627.20
577.62 14664.40
577.36 14662.00
577.09 14653.00
576.82 14662.40
576.55 14612.20
576.29 14683.00
576.02 14690.40
575.75 14702.40
575.48 14698.80
575.22 14691.60
574.95 14701.60
574.68 14703.40
574.42 14700.80
574.15 14773.80
573.88 14743.60
573.61 14766.20
573.35 14717.80
573.08 14763.00
572.81 14777.40
572.55 14764.80
572.28 14732.40
572.01 14771.40
571.74 14762.40
571.48 14743.60
571.21 14683.20
570.94 14642.20
570.68 14598.40
570.41 14551.00
570.14 14502.40
569.87 14586.40
569.61 14609.80
569.34 14668.60
569.07 14656.80
568.80 14662.60
568.54 14567.20
568.27 14502.80
568.00 14478.80
567.74 14480.60
567.47 14474.40
567.20 14463.20
566.93 14430.60
566.67 14454.20
566.40 14395.20
566.13 14424.20
565.87 14366.60
565.60 14380.00
565.33 14375.20
565.06 14419.00
564.80 14371.40
564.53 14386.60
564.26 14354.00
563.99 14405.20
563.73 14417.20
563.46 14392.20
563.19 14387.60
562.93 14343.60
562.66 14302.00
562.39 14317.20
562.12 14295.20
561.86 14314.80
561.59 14334.80
561.32 14373.20
561.05 14323.00
560.79 14347.60
560.52 14354.60
560.25 14342.00
559.99 14299.40
559.72 14288.00
559.45 14245.40
559.18 14190.80
558.92 14180.80
558.65 14186.80
558.38 14169.20
558.11 14139.40
557.85 14152.80
557.58 14090.00
557.31 14107.80
557.05 14129.20
556.78 14128.60
556.51 14143.40
556.24 14104.60
555.98 14060.80
555.71 13990.00
555.44 13966.00
555.17 13935.20
554.91 13871.20
554.64 13860.80
554.37 13827.60
554.11 13790.80
553.84 13890.00
553.57 13901.00
553.30 13894.40
553.04 13923.80
552.77 13951.40
552.50 13844.80
552.23 13838.20
551.97 13768.00
551.70 13794.60
551.43 13739.40
551.17 13718.80
550.90 13676.60
550.63 13677.20
550.36 13666.40
550.10 13642.80
549.83 13603.20
549.56 13632.40
549.29 13610.60
549.03 13613.20
548.76 13578.20
548.49 13590.40
548.22 13629.20
547.96 13633.00
547.69 13618.20
547.42 13566.80
547.16 13460.20
546.89 13450.00
546.62 13418.00
546.35 13454.00
546.09 13392.60
545.82 13354.20
545.55 13340.60
545.28 13310.20
545.02 13308.40
544.75 13297.80
544.48 13258.20
544.21 13275.60
543.95 13236.20
543.68 13153.00
543.41 13154.20
543.15 13089.00
542.88 13012.00
542.61 12962.00
542.34 13005.00
542.08 13053.20
541.81 13120.80
541.54 13064.60
541.27 12990.00
541.01 12925.00
540.74 12883.80
540.47 12853.20
540.20 12873.00
539.94 12887.60
539.67 12814.20
539.40 12798.60
539.14 12735.80
538.87 12716.00
538.60 12684.00
538.33 12732.60
538.07 12776.40
537.80 12713.60
537.53 12762.40
537.26 12774.60
537.00 12732.60
536.73 12683.00
536.46 12670.20
536.19 12601.40
535.93 12623.60
535.66 12641.00
535.39 12624.40
535.12 12599.20
534.86 12547.20
534.59 12504.20
534.32 12424.00
534.06 12472.80
533.79 12490.80
533.52 12490.80
533.25 12473.40
532.99 12408.00
532.72 12385.20
532.45 12408.40
532.18 12397.00
531.92 12377.60
531.65 12362.80
531.38 12372.00
531.11 12357.60
530.85 12383.60
530.58 12377.40
530.31 12326.20
530.04 12268.00
529.78 12250.60
529.51 12229.80
529.24 12221.40
528.97 12246.00
528.71 12199.40
528.44 12172.80
528.17 12179.40
527.91 12167.60
527.64 12143.20
527.37 12181.00
527.10 12139.40
526.84 12165.40
526.57 12158.20
526.30 12155.00
526.03 12136.60
525.77 12070.80
525.50 12051.20
525.23 11993.40
524.96 12027.20
524.70 12012.20
524.43 12040.40
524.16 12023.00
523.89 12011.80
523.63 12018.00
523.36 12035.00
523.09 11961.80
522.82 11892.60
522.56 11804.60
522.29 11811.80
522.02 11760.00
521.75 11833.20
521.49 11830.80
521.22 11793.60
520.95 11746.60
520.68 11727.80
520.42 11695.80
520.15 11690.00
519.88 11720.20
519.61 11739.00
519.35 11692.20
519.08 11623.20
518.81 11476.20
518.54 11457.40
518.28 11403.40
518.01 11432.60
517.74 11508.80
517.48 11481.60
517.21 11451.60
516.94 11442.80
516.67 11418.20
516.41 11352.60
516.14 11315.80
515.87 11236.20
515.60 11254.80
515.34 11206.40
515.07 11210.60
514.80 11118.20
514.53 11107.60
514.27 11066.80
514.00 10980.60
513.73 10877.60
513.46 10799.80
513.20 10746.80
512.93 10687.40
512.66 10670.00
512.39 10668.20
512.13 10665.40
511.86 10639.00
511.59 10618.80
511.32 10640.00
511.06 10604.60
510.79 10561.60
510.52 10516.80
510.25 10465.80
509.99 10470.20
509.72 10439.00
509.45 10477.20
509.18 10440.00
508.92 10429.60
508.65 10332.20
508.38 10318.80
508.11 10218.60
507.85 10164.00
507.58 10096.00
507.31 10033.80
507.04 10019.80
506.78 9939.80
506.51 9945.80
506.24 9877.80
505.97 9820.00
505.71 9789.80
505.44 9768.80
505.17 9721.60
504.90 9632.80
504.64 9607.60
504.37 9629.40
504.10 9619.60
503.83 9630.80
503.57 9575.60
503.30 9542.40
503.03 9534.20
502.76 9484.20
502.50 9460.60
502.23 9426.00
501.96 9336.60
501.69 9233.80
501.43 9179.00
501.16 9197.60
500.89 9206.40
500.62 9229.00
500.36 9209.80
500.09 9159.00
499.82 9175.40
499.55 9188.00
499.29 9191.40
499.02 9167.00
498.75 9060.20
498.48 9051.00
498.22 8986.20
497.95 8950.20
497.68 8918.20
497.41 8907.60
497.14 8900.20
496.88 8843.40
496.61 8813.60
496.34 8761.60
496.07 8751.60
495.81 8669.40
495.54 8674.60
495.27 8654.00
495.00 8679.40
494.74 8608.20
494.47 8593.20
494.20 8594.80
493.93 8527.00
493.67 8508.40
493.40 8517.40
493.13 8452.80
492.86 8466.80
492.60 8438.00
492.33 8413.00
492.06 8414.00
491.79 8371.60
491.53 8346.60
491.26 8309.80
490.99 8260.00
490.72 8230.00
490.46 8219.80
490.19 8147.40
489.92 8121.40
489.65 8103.20
489.39 8072.60
489.12 8042.40
488.85 7999.20
488.58 8022.00
488.32 7985.40
488.05 7963.60
487.78 7900.20
487.51 7888.40
487.24 7859.00
486.98 7820.40
486.71 7782.60
486.44 7754.60
486.17 7755.60
485.91 7702.60
485.64 7663.60
485.37 7589.20
485.10 7546.20
484.84 7503.40
484.57 7446.40
484.30 7424.60
484.03 7387.40
483.77 7357.20
483.50 7342.40
483.23 7296.20
482.96 7267.00
482.70 7208.80
482.43 7132.40
482.16 7085.80
481.89 7088.60
481.63 7038.20
481.36 7002.40
481.09 6970.80
480.82 6941.60
480.55 6849.80
480.29 6819.20
480.02 6806.00
479.75 6732.60
479.48 6681.00
479.22 6708.20
478.95 6637.00
478.68 6583.00
478.41 6540.40
478.15 6478.20
477.88 6448.80
477.61 6420.40
477.34 6347.60
477.08 6305.80
476.81 6261.80
476.54 6215.60
476.27 6228.00
476.00 6182.40
475.74 6103.80
475.47 6031.20
475.20 6012.00
474.93 5955.60
474.67 5934.80
474.40 5924.00
474.13 5890.00
473.86 5876.60
473.60 5825.00
473.33 5769.60
473.06 5748.40
472.79 5705.80
472.53 5677.00
472.26 5629.00
471.99 5576.40
471.72 5553.80
471.45 5498.40
471.19 5445.40
470.92 5441.20
470.65 5378.80
470.38 5326.80
470.12 5326.00
469.85 5304.60
469.58 5298.00
469.31 5260.80
469.05 5197.20
468.78 5159.80
468.51 5166.40
468.24 5112.00
467.97 5107.80
467.71 5051.60
467.44 4985.80
467.17 4971.00
466.90 4944.80
466.64 4931.00
466.37 4893.40
466.10 4874.80
465.83 4837.60
465.57 4798.00
465.30 4749.60
465.03 4683.80
464.76 4686.20
464.50 4664.40
464.23 4617.40
463.96 4626.60
463.69 4587.80
463.42 4564.00
463.16 4506.00
462.89 4469.80
462.62 4435.80
462.35 4398.20
462.09 4364.80
461.82 4313.40
461.55 4289.60
461.28 4255.60
461.01 4212.80
460.75 4169.80
460.48 4129.40
460.21 4066.80
459.94 4085.20
459.68 4036.60
459.41 4022.80
459.14 4000.40
458.87 3993.60
458.61 3902.00
458.34 3869.40
458.07 3847.60
457.80 3815.20
457.53 3770.40
457.27 3755.80
457.00 3730.80
456.73 3715.80
456.46 3670.40
456.20 3640.60
455.93 3615.40
455.66 3573.40
455.39 3504.20
455.12 3492.60
454.86 3457.40
454.59 3425.60
454.32 3420.20
454.05 3388.80
453.79 3350.00
453.52 3295.40
453.25 3277.60
452.98 3229.80
452.72 3245.20
452.45 3191.00
452.18 3120.80
451.91 3106.00
451.64 3071.00
451.38 3047.80
451.11 3032.00
450.84 3001.20
450.57 2964.00
450.31 2935.20
450.04 2906.40
449.77 2890.60
449.50 2844.00
449.23 2816.40
448.97 2770.00
448.70 2759.80
448.43 2737.20
448.16 2703.00
447.90 2667.80
447.63 2653.00
447.36 2624.00
447.09 2606.40
446.82 2553.00
446.56 2559.20
446.29 2537.00
446.02 2484.40
445.75 2459.20
445.49 2468.20
445.22 2412.20
444.95 2401.40
444.68 2348.80
444.41 2320.60
444.15 2288.80
443.88 2285.20
443.61 2264.40
443.34 2243.20
443.08 2229.80
442.81 2226.80
442.54 2177.80
442.27 2169.60
442.00 2135.40
441.74 2117.60
441.47 2081.20
441.20 2085.20
440.93 2050.60
440.67 2025.80
440.40 1997.80
440.13 1979.00
439.86 1939.40
439.59 1951.40
439.33 1925.60
439.06 1911.20
438.79 1888.20
438.52 1879.20
438.26 1843.20
437.99 1841.20
437.72 1806.80
437.45 1801.80
437.18 1774.20
436.92 1764.00
436.65 1727.20
436.38 1727.00
436.11 1705.60
435.84 1699.00
435.58 1674.20
435.31 1660.60
435.04 1630.60
434.77 1630.20
434.51 1615.60
434.24 1582.40
433.97 1569.60
433.70 1564.20
433.43 1545.20
433.17 1539.60
432.90 1500.60
432.63 1497.40
432.36 1477.20
432.09 1458.80
431.83 1435.40
431.56 1432.00
431.29 1402.40
431.02 1407.60
430.76 1365.40
430.49 1360.40
430.22 1328.20
429.95 1347.00
429.68 1329.40
429.42 1297.80
429.15 1284.20
428.88 1284.80
428.61 1268.80
428.35 1259.80
428.08 1233.20
427.81 1237.00
427.54 1198.40
427.27 1205.60
427.01 1177.40
426.74 1171.60
426.47 1146.00
426.20 1143.20
425.93 1128.60
425.67 1117.80
425.40 1088.80
425.13 1099.80
424.86 1069.40
424.59 1074.40
424.33 1041.20
424.06 1057.40
423.79 1023.40
423.52 1043.00
423.26 1001.80
422.99 995.40
422.72 997.00
422.45 977.20
422.18 953.20
421.92 957.60
421.65 934.00
421.38 935.00
421.11 925.40
420.84 934.20
420.58 901.20
420.31 896.60
420.04 879.40
419.77 889.80
419.51 868.80
419.24 863.20
418.97 850.00
418.70 859.40
418.43 833.00
418.17 840.00
417.90 822.60
417.63 819.80
417.36 813.80
417.09 813.20
416.83 797.60
416.56 806.20
416.29 782.40
416.02 779.60
415.75 779.40
415.49 762.80
415.22 759.60
414.95 749.20
414.68 741.60
414.41 745.20
414.15 749.80
413.88 740.20
413.61 730.00
413.34 722.60
413.08 709.40
412.81 712.00
412.54 711.00
412.27 705.40
412.00 702.20
411.74 702.80
411.47 680.20
411.20 690.60
410.93 675.80
410.66 680.80
410.40 674.20
410.13 669.20
409.86 656.60
409.59 659.40
409.32 657.00
409.06 663.60
408.79 653.80
408.52 644.60
408.25 643.60
407.98 651.40
407.72 646.40
407.45 643.80
407.18 640.80
406.91 631.40
406.64 625.80
406.38 621.40
406.11 628.80
405.84 613.80
405.57 617.60
405.30 623.00
405.04 617.00
404.77 617.40
404.50 608.60
404.23 621.80
403.96 614.60
403.70 606.20
403.43 607.80
403.16 606.20
402.89 608.40
402.63 599.00
402.36 601.80
402.09 611.00
401.82 603.80
401.55 595.40
401.29 587.60
401.02 602.80
400.75 590.00
400.48 597.40
400.21 592.20
399.95 594.60
399.68 595.00
399.41 586.00
399.14 581.40
398.87 580.20
398.61 585.40
398.34 579.00
398.07 580.00
397.80 572.80
397.53 580.40
397.27 579.20
397.00 575.40
396.73 573.20
396.46 575.80
396.19 581.80
395.93 580.00
395.66 583.60
395.39 572.60
395.12 574.20
394.85 563.80
394.59 569.20
394.32 571.20
394.05 569.00
393.78 571.00
393.51 577.00
393.25 561.60
392.98 566.40
392.71 560.60
392.44 560.80
392.17 556.40
391.91 565.00
391.64 562.20
391.37 559.80
391.10 558.40
390.83 563.20
390.56 565.40
390.30 563.20
390.03 560.80
389.76 555.60
389.49 560.80
389.22 559.80
388.96 554.60
388.69 559.20
388.42 558.60
388.15 558.00
387.88 558.80
387.62 557.40
387.35 558.20
387.08 564.40
386.81 546.40
386.54 562.80
386.28 559.80
386.01 560.40
385.74 558.40
385.47 566.80
385.20 564.80
384.94 562.60
384.67 553.00
384.40 557.40
384.13 553.00
383.86 558.00
383.60 561.60
383.33 568.20
383.06 556.40
382.79 555.80
382.52 549.40
382.26 561.40
381.99 557.00
381.72 559.20
381.45 551.80
381.18 554.40
380.92 558.20
380.65 560.80
380.38 552.20
380.11 552.60
379.84 564.20
379.57 557.00
379.31 550.40
379.04 553.00
378.77 550.20
378.50 555.60
378.23 554.00
377.97 551.40
377.70 548.60
377.43 559.80
377.16 561.60
376.89 555.20
376.63 555.20
376.36 563.40
376.09 555.80
375.82 560.60
375.55 546.80
375.29 558.00
375.02 556.40
374.75 550.00
374.48 561.40
374.21 547.80
373.94 555.60
373.68 553.20
373.41 550.80
373.14 556.80
372.87 549.80
372.60 550.40
372.34 563.40
372.07 553.20
371.80 547.40
371.53 548.20
371.26 538.40
371.00 549.80
370.73 552.80
370.46 552.80
370.19 553.60
369.92 552.60
369.65 552.80
369.39 549.00
369.12 557.00
368.85 552.80
368.58 552.60
368.31 551.20
368.05 544.20
367.78 553.40
367.51 562.00
367.24 548.80
366.97 555.60
366.71 558.00
366.44 550.80
366.17 543.80
365.90 558.80
365.63 553.20
365.36 548.00
365.10 552.60
364.83 551.60
364.56 560.00
364.29 551.60
364.02 547.60
363.76 559.60
363.49 557.00
363.22 550.60
362.95 554.00
362.68 550.20
362.42 559.20
362.15 548.40
361.88 554.60
361.61 551.20
361.34 549.40
361.07 548.40
360.81 548.40
360.54 553.20
360.27 560.20
360.00 551.80
359.73 549.60
359.47 559.00
359.20 558.00
358.93 555.40
358.66 553.80
358.39 543.00
358.12 548.80
357.86 559.20
357.59 552.00
357.32 555.40
357.05 549.80
356.78 554.20
356.52 560.00
356.25 552.00
355.98 554.60
355.71 556.80
355.44 550.80
355.17 549.60
354.91 556.40
354.64 548.40
354.37 552.20
354.10 550.20
353.83 552.60
353.57 550.80
353.30 552.80
353.03 556.00
352.76 553.20
352.49 547.60
352.22 547.40
351.96 556.20
351.69 556.80
351.42 550.00
351.15 547.80
350.88 556.00
350.62 554.80
350.35 548.60
350.08 549.00
349.81 548.60
349.54 559.20
349.27 549.80
349.01 551.40
348.74 551.60
348.47 555.40
348.20 551.60
347.93 551.60
347.66 550.40
347.40 568.60
347.13 556.60
346.86 549.80
346.59 546.40
346.32 559.20
346.06 555.40
345.79 556.20
345.52 559.00
345.25 551.80
344.98 551.20
344.71 557.00
344.45 552.20
344.18 557.80
343.91 560.60
343.64 548.20
343.37 551.00
343.10 554.60
342.84 543.60
342.57 547.20
342.30 559.60
342.03 553.80
341.76 550.00
341.50 550.80
341.23 544.20
340.96 552.20
340.69 555.80
340.42 559.20
340.15 544.20
339.89 549.00
339.62 557.60
339.35 555.20
339.08 557.60
338.81 550.80
338.54 556.20
338.28 546.80
338.01 550.80
337.74 553.80
337.47 546.20
337.20 553.40
336.93 558.80
336.67 559.00
336.40 548.20
336.13 557.40
335.86 568.00
335.59 564.80
335.33 551.80
335.06 557.80
334.79 550.60
334.52 547.40
334.25 552.40
333.98 550.60
333.72 546.20
333.45 552.00
333.18 547.40
332.91 544.40
332.64 549.60
332.37 552.40
332.11 547.20
331.84 556.00
331.57 546.20
331.30 549.40
331.03 553.00
330.76 547.00
330.50 547.80
330.23 549.60
329.96 556.60
329.69 559.60
329.42 557.20
329.15 559.00
328.89 550.40
328.62 549.80
328.35 552.00
328.08 560.80
327.81 550.00
327.54 554.40
327.28 551.20
327.01 556.00
326.74 548.40
326.47 552.80
326.20 553.40
325.93 553.40
325.67 554.20
325.40 552.60
325.13 554.60
324.86 551.60
324.59 546.20
324.32 556.60
324.06 558.00
323.79 559.00
323.52 549.20
323.25 551.20
322.98 549.60
322.71 551.20
322.45 557.40
322.18 552.40
321.91 557.00
321.64 556.00
321.37 549.60
321.10 552.00
320.84 552.00
320.57 554.20
320.30 545.20
320.03 547.00
319.76 559.40
319.49 563.20
319.23 549.40
318.96 549.80
318.69 550.60
318.42 552.60
318.15 549.80
317.88 551.40
317.62 552.00
317.35 550.00
317.08 550.40
316.81 556.00
316.54 550.40
316.27 558.80
316.01 546.60
315.74 549.80
315.47 546.20
315.20 556.80
314.93 553.40
314.66 543.80
314.40 554.60
314.13 553.00
313.86 560.40
313.59 556.80
313.32 551.20
313.05 552.00
312.79 547.60
312.52 547.80
312.25 545.80
311.98 551.60
311.71 557.40
311.44 551.20
311.18 551.80
310.91 554.60
310.64 542.80
310.37 554.20
310.10 561.40
309.83 549.40
309.56 549.80
309.30 556.00
309.03 548.60
308.76 554.40
308.49 552.40
308.22 555.40
307.95 558.60
307.69 550.40
307.42 562.20
307.15 551.20
306.88 552.60
306.61 550.00
306.34 555.00
306.08 558.00
305.81 544.60
305.54 547.00
305.27 552.80
305.00 551.60
304.73 557.00
304.47 547.00
304.20 549.00
303.93 556.00
303.66 556.20
303.39 551.80
303.12 552.80
302.85 556.40
302.59 550.20
302.32 562.40
302.05 551.40
301.78 551.20
301.51 554.00
301.24 554.20
300.98 546.80
300.71 550.00
300.44 548.00
300.17 552.60
299.90 553.60
299.63 557.20
299.37 554.20
299.10 555.60
298.83 553.40
298.56 557.80
298.29 563.40
298.02 559.00
297.75 552.60
297.49 549.40
297.22 549.80
296.95 551.40
296.68 553.80
296.41 552.80
296.14 554.80
295.88 557.00
295.61 550.20
295.34 542.00
295.07 549.40
294.80 543.60
294.53 549.40
294.26 554.20
294.00 554.00
293.73 547.60
293.46 553.20
293.19 551.80
292.92 556.60
292.65 556.60
292.39 558.20
292.12 545.00
291.85 554.00
291.58 557.80
291.31 555.20
291.04 552.60
290.77 546.20
290.51 550.80
290.24 557.20
289.97 552.60
289.70 547.20
289.43 547.40
289.16 553.20
288.90 557.00
288.63 545.00
288.36 555.00
288.09 544.80
287.82 555.20
287.55 556.20
287.28 550.40
287.02 552.80
286.75 550.60
286.48 553.60
286.21 551.80
285.94 544.80
285.67 552.60
285.40 555.20
285.14 559.60
284.87 557.60
284.60 548.00
284.33 549.80
284.06 557.80
283.79 557.60
283.53 558.00
283.26 557.60
282.99 554.80
282.72 551.60
282.45 555.60
282.18 552.00
281.91 546.60
281.65 549.20
281.38 560.60
281.11 555.80
280.84 540.80
280.57 556.80
280.30 556.60
280.03 538.40
279.77 548.80
279.50 547.20
279.23 541.00
278.96 550.80
278.69 550.00
278.42 542.40
278.15 545.60
277.89 554.80
277.62 554.80
277.35 547.00
277.08 550.80
276.81 554.60
276.54 555.20
276.27 551.40
276.01 555.60
275.74 545.80
275.47 551.20
275.20 547.40
274.93 553.20
274.66 548.20
274.39 550.40
274.13 549.20
273.86 539.00
273.59 538.80
273.32 560.20
273.05 554.20
272.78 555.40
272.52 551.60
272.25 553.40
271.98 543.60
271.71 551.00
271.44 549.20
271.17 546.40
270.90 551.80
270.64 552.60
270.37 548.80
270.10 552.80
269.83 557.40
269.56 552.80
269.29 548.40
269.02 555.60
268.76 550.00
268.49 554.20
268.22 552.40
267.95 556.80
267.68 553.40
267.41 550.20
267.14 554.20
266.87 553.40
266.61 553.20
266.34 550.60
266.07 546.60
265.80 553.40
265.53 555.20
265.26 556.40
264.99 555.20
264.73 550.00
264.46 553.00
264.19 550.00
263.92 550.00
263.65 548.80
263.38 551.80
263.11 549.40
262.85 547.40
262.58 560.20
262.31 543.60
262.04 548.80
261.77 550.00
261.50 547.80
261.23 554.80
260.97 550.60
260.70 550.60
260.43 550.80
260.16 548.80
259.89 556.40
259.62 550.80
259.35 545.20
259.09 547.40
258.82 549.60
258.55 550.80
258.28 549.60
258.01 553.80
257.74 553.40
257.47 549.20
257.21 551.60
256.94 551.80
256.67 557.00
256.40 553.80
256.13 555.20
255.86 554.60
255.59 552.40
255.32 549.40
255.06 550.20
254.79 547.40
254.52 546.20
254.25 548.20
253.98 550.20
253.71 553.60
253.44 555.60
253.18 555.80
252.91 547.60
252.64 548.00
252.37 542.80
252.10 548.80
251.83 551.40
251.56 550.00
251.29 550.00
251.03 542.60
250.76 554.00
250.49 551.40
250.22 553.20
249.95 551.00
249.68 542.20
249.41 542.40
249.15 555.40
248.88 548.80
248.61 554.20
248.34 551.20
248.07 552.60
247.80 550.80
247.53 555.80
247.26 551.60
247.00 550.80
246.73 547.00
246.46 556.40
246.19 550.60
245.92 559.00
245.65 553.40
245.38 548.20
245.12 555.80
244.85 562.20
244.58 549.40
244.31 546.60
244.04 551.20
243.77 546.40
243.50 581.40
243.23 556.40
242.97 557.00
242.70 558.00
242.43 553.00
242.16 544.00
241.89 542.80
241.62 555.40
241.35 551.80
241.09 551.40
240.82 555.20
240.55 560.20
240.28 553.00
240.01 561.20
239.74 557.40
239.47 548.00
239.20 543.60
238.94 555.20
238.67 559.60
238.40 559.80
238.13 547.60
237.86 544.60
237.59 551.20
237.32 544.60
237.05 555.00
236.79 552.00
236.52 557.00
236.25 555.80
235.98 548.20
235.71 552.20
235.44 549.40
235.17 559.80
234.90 551.40
234.64 553.40
234.37 557.00
234.10 558.00
233.83 553.40
233.56 550.80
233.29 544.40
233.02 546.40
232.75 545.00
232.49 553.20
232.22 542.80
231.95 551.40
231.68 550.20
231.41 549.80
231.14 544.60
230.87 549.00
230.60 548.00
230.34 552.40
230.07 551.00
229.80 549.40
229.53 542.00
229.26 556.60
228.99 552.60
228.72 553.20
228.45 546.60
228.19 554.00
227.92 551.20
227.65 555.80
227.38 547.40
227.11 559.00
226.84 551.00
226.57 555.80
226.30 543.00
226.04 560.20
225.77 548.00
225.50 549.20
225.23 548.00
224.96 556.80
224.69 544.80
224.42 556.60
224.15 552.20
223.89 551.80
223.62 547.20
223.35 553.80
223.08 547.00
222.81 547.60
222.54 553.80
222.27 555.40
222.00 552.60
221.74 548.60
221.47 551.60
221.20 553.20
220.93 556.40
220.66 544.00
220.39 555.80
220.12 558.80
219.85 554.60
219.59 548.60
219.32 548.20
219.05 550.00
218.78 549.00
218.51 548.60
218.24 547.60
217.97 553.80
217.70 555.80
217.43 550.20
217.17 542.60
216.90 551.80
216.63 559.60
216.36 559.60
216.09 552.80
215.82 562.60
215.55 548.80
215.28 543.20
215.02 558.40
214.75 549.20
214.48 562.20
214.21 557.00
213.94 554.00
213.67 550.00
213.40 551.80
213.13 548.40
212.86 552.00
212.60 552.80
212.33 566.00
212.06 548.20
211.79 547.80
211.52 549.00
211.25 552.40
210.98 545.80
210.71 558.60
210.45 557.00
210.18 549.60
209.91 548.60
209.64 552.80
209.37 551.20
209.10 550.40
208.83 547.80
208.56 548.20
208.29 551.60
208.03 549.80
207.76 550.80
207.49 555.00
207.22 552.20
206.95 545.40
206.68 544.80
206.41 547.80
206.14 551.20
205.87 554.80
205.61 551.60
205.34 550.00
205.07 557.40
204.80 548.00
204.53 543.80
204.26 542.60
203.99 556.20
203.72 552.80
203.45 562.60
203.19 563.80
202.92 559.00
202.65 553.40
202.38 553.20
202.11 551.00
201.84 552.00
201.57 549.40
201.30 561.80
201.04 555.00
200.77 557.20
200.50 546.40
200.23 556.60
199.96 555.80
199.69 558.80
199.42 547.80
199.15 551.00
198.88 548.20
198.62 557.40
198.35 548.20
198.08 550.20
197.81 542.40
197.54 557.00
197.27 551.80
197.00 553.00
196.73 552.20
196.46 553.60
196.19 556.40
195.93 552.20
195.66 553.20
195.39 556.60
195.12 544.20
194.85 552.40
194.58 557.00
194.31 553.60
194.04 559.80
193.77 557.40
193.51 543.60
193.24 550.40
192.97 549.80
192.70 560.00
192.43 544.80
192.16 562.40
191.89 558.20
191.62 548.00
191.35 555.00
191.09 547.40
190.82 549.80
190.55 555.60
190.28 547.20
190.01 546.80
189.74 551.60
189.47 553.60
189.20 551.80
188.93 550.80
188.67 555.00
188.40 560.80
188.13 549.00
187.86 558.20
187.59 554.40
187.32 555.80
187.05 554.40
186.78 549.80
186.51 551.20
186.24 553.80
185.98 544.80
185.71 553.20
185.44 553.60
185.17 551.60
184.90 554.00
184.63 549.40
184.36 549.80
184.09 564.60
183.82 560.40
183.56 551.20
183.29 551.80
183.02 553.80
182.75 551.00
182.48 547.60
182.21 562.80
181.94 554.00
181.67 557.20
181.40 554.60
181.13 550.20
180.87 557.80
180.60 551.20
180.33 550.00
180.06 543.80
179.79 552.40
179.52 553.00
179.25 553.20
178.98 549.40
178.71 550.00
178.44 554.80
178.18 545.60
177.91 555.20
177.64 546.40
177.37 545.80
177.10 540.20
176.83 557.60
176.56 553.40
176.29 554.60
176.02 553.60
175.75 553.40
175.49 552.40
175.22 554.60
174.95 555.80
174.68 556.60
174.41 548.00
174.14 542.60
173.87 541.80
173.60 555.60
173.33 549.60
173.06 551.80
172.80 557.20
172.53 558.20
172.26 554.60
171.99 546.20
171.72 550.00
171.45 550.40
171.18 558.00
170.91 548.40
170.64 547.00
170.37 556.00
170.11 552.00
169.84 547.60
169.57 542.60
169.30 550.00
169.03 550.40
168.76 550.00
168.49 546.00
168.22 550.20
167.95 552.20
167.68 548.80
167.42 552.00
167.15 551.60
166.88 546.60
166.61 552.60
166.34 551.80
166.07 548.00
165.80 546.40
