660.93 582.20
243.50 574.60
243.50 582.40
243.50 576.80
243.50 578.80
243.50 576.00
454.32 583.20
455.93 598.60
456.46 601.40
457.80 603.60
458.34 615.00
459.41 618.80
460.21 637.20
461.01 647.40
462.09 671.40
462.62 679.00
463.69 692.00
464.50 718.60
465.57 734.00
466.37 753.20
467.17 764.00
467.97 789.60
469.05 822.60
470.12 835.20
470.65 887.00
471.72 907.20
472.53 949.20
473.33 1004.40
474.40 1039.00
475.20 1090.60
476.00 1156.20
477.08 1198.40
477.88 1272.40
478.68 1350.40
479.75 1433.00
480.82 1549.80
481.89 1635.00
482.70 1754.60
484.03 1905.80
484.84 2062.00
485.91 2219.00
486.98 2394.00
488.05 2572.00
489.12 2786.00
490.19 3030.80
491.26 3248.40
492.33 3532.20
493.40 3765.80
494.47 4055.00
495.27 4218.80
496.34 4427.60
497.14 4699.60
497.95 4900.00
498.75 5124.20
499.55 5425.60
500.36 5668.40
501.16 5931.80
502.23 6197.80
503.03 6515.80
503.83 6793.00
504.64 7033.60
505.71 7218.40
506.51 7398.80
507.31 7735.20
508.38 8191.60
509.18 8455.60
509.99 8543.80
511.06 8784.80
511.86 9219.20
512.93 9409.80
513.73 9674.40
514.53 9770.60
515.60 10020.40
516.67 10113.20
517.48 10447.00
518.28 10483.00
519.35 10553.20
520.42 10731.60
521.22 10768.60
522.29 10970.00
523.36 11006.80
524.16 10856.20
525.23 10941.80
526.30 10837.00
527.10 10909.00
528.17 10950.60
529.24 10965.40
530.04 10865.20
531.11 11208.80
531.92 11205.80
532.99 10942.00
533.79 10764.20
534.86 10791.60
535.66 10957.40
536.73 11047.60
537.53 10845.20
538.60 10760.80
539.67 10759.00
540.47 10764.20
541.54 10886.00
542.61 10933.20
543.41 11021.00
544.48 10962.60
545.55 11041.00
546.62 11022.00
547.42 11217.60
548.49 11294.60
549.56 11298.80
550.90 11418.00
552.23 11522.00
553.57 11823.60
554.64 11845.80
556.24 12030.40
557.31 12478.40
558.92 12543.80
560.25 12784.60
561.59 12969.40
562.93 13263.40
563.73 13455.20
564.80 13560.00
565.60 13704.20
566.67 13839.60
567.47 14012.00
568.54 14211.60
569.61 14394.40
570.41 14795.80
571.48 14952.80
572.28 14938.00
573.35 15087.00
574.42 15087.40
575.22 15272.80
576.29 15302.00
577.36 15536.20
578.16 15648.00
579.23 15674.00
580.29 15802.60
581.10 15747.40
582.16 15746.80
583.23 15648.80
584.30 15823.20
585.37 15932.20
586.44 15698.20
587.51 15542.80
588.31 15546.00
589.38 15643.00
590.45 15738.80
591.51 15562.00
592.58 15606.80
593.65 15603.20
594.45 15646.20
595.52 15518.40
596.32 15305.80
597.39 14924.60
598.46 14998.00
599.53 15015.80
600.33 14699.40
601.40 14586.80
602.47 14448.80
603.53 14308.60
604.33 14199.60
605.40 13833.40
606.20 13615.80
607.27 13393.00
608.07 13250.80
609.14 12991.00
609.94 12818.40
611.01 12697.20
612.08 12282.60
612.88 12148.40
613.95 11819.60
614.75 11442.80
615.82 11325.60
616.62 11181.20
617.42 10860.60
618.49 10625.60
619.29 10445.60
620.36 10139.80
621.16 9864.20
622.23 9587.40
623.03 9299.20
623.83 9212.80
624.90 9003.80
625.70 8741.00
626.76 8545.40
627.56 8341.80
628.63 8073.00
629.70 7981.00
630.77 7698.20
631.57 7590.80
632.37 7290.40
633.44 7133.00
634.51 6903.00
635.31 6708.20
636.37 6565.20
637.44 6509.20
638.51 6382.00
639.31 6205.20
640.11 5957.60
641.18 5784.40
642.25 5671.40
643.05 5382.80
643.85 5220.40
644.91 5157.00
645.98 5049.80
646.78 4999.60
647.85 4813.20
648.65 4718.80
649.72 4717.80
650.52 4586.40
651.85 4447.40
652.65 4356.40
653.45 4315.80
654.52 4205.00
655.59 4180.00
656.66 4102.40
657.46 3993.20
658.52 3922.60
659.59 3844.00
660.39 3801.60
661.73 3714.40
662.53 3645.20
663.59 3567.20
664.39 3482.40
665.99 3441.80
666.79 3399.80
667.86 3401.00
668.66 3326.40
669.46 3277.00
670.53 3208.40
671.33 3130.00
672.13 3100.60
673.20 3064.40
674.26 3053.60
675.06 3048.20
675.86 3021.60
676.93 2959.00
678.00 2908.00
678.80 2946.80
679.87 2891.40
680.40 2811.80
681.73 2799.20
682.80 2804.20
683.87 2755.80
684.40 2695.40
685.47 2657.80
686.53 2674.80
687.33 2643.40
688.67 2624.00
689.73 2610.20
690.53 2566.60
691.33 2541.60
692.67 2524.20
693.47 2473.00
694.53 2434.00
695.60 2447.60
696.67 2422.60
697.47 2374.20
698.53 2346.40
699.60 2345.20
700.40 2341.80
701.47 2318.20
702.53 2325.20
703.60 2315.60
704.67 2283.60
705.20 2284.00
706.53 2267.60
707.33 2224.80
708.66 2264.80
709.46 2258.20
710.00 2215.80
711.33 2171.80
712.40 2147.60
713.73 2211.00
714.53 2192.00
715.33 2160.60
716.40 2158.60
717.46 2123.80
718.79 2150.40
719.59 2154.80
720.66 2131.20
721.46 2123.20
722.79 2099.00
723.86 2107.00
724.92 2120.80
725.46 2099.80
727.06 2103.20
727.86 2070.40
729.72 2109.00
730.25 2154.80
731.32 2156.60
732.39 2121.00
733.45 2094.60
734.52 2082.20
735.32 2106.60
735.85 2082.20
736.92 2085.20
737.72 2103.00
738.78 2136.40
739.58 2113.40
740.38 2096.00
740.91 2096.60
742.25 2096.40
743.31 2111.20
743.84 2110.80
744.91 2108.20
745.98 2113.00
747.04 2120.80
747.84 2089.80
748.64 2094.40
749.71 2096.80
750.50 2117.60
751.84 2090.00
752.64 2102.00
753.17 2093.60
754.23 2073.60
755.30 2063.00
756.37 2049.80
757.43 2078.00
758.50 2099.60
759.56 2107.60
760.36 2093.20
761.16 2067.60
762.76 2035.60
763.29 2021.40
764.62 2017.00
765.42 2029.00
766.75 1998.60
767.29 2000.80
768.62 1962.60
769.68 1977.00
770.75 1977.80
771.81 1973.40
772.88 1962.40
773.41 1976.80
774.48 1965.20
775.27 1962.20
776.34 1969.00
777.14 1980.80
777.94 1946.00
779.00 1919.20
780.07 1920.40
781.40 1947.00
781.93 1961.20
782.46 1926.60
783.53 1897.00
784.59 1867.20
785.13 1811.40
786.19 1739.60
787.79 1738.80
788.59 1755.00
789.92 1738.60
790.45 1761.40
791.52 1759.40
792.58 1749.00
793.11 1745.40
794.18 1734.80
795.51 1708.20
796.84 1731.60
797.37 1713.60
798.44 1713.40
799.77 1686.00
800.03 1596.60
801.37 1598.80
802.16 1544.00
804.03 1560.00
804.83 1547.00
805.89 1545.20
806.69 1519.00
808.02 1485.80
809.08 1458.20
809.62 1419.40
811.21 1395.80
812.81 1398.40
813.34 1383.80
813.87 1354.80
815.47 1341.20
816.27 1318.00
817.60 1307.40
817.87 1286.40
819.20 1280.60
820.26 1258.00
820.79 1231.60
821.86 1218.60
822.92 1184.20
824.25 1191.80
825.05 1186.20
825.85 1174.80
826.65 1164.40
827.18 1138.00
828.77 1115.20
829.57 1107.40
830.37 1102.00
831.43 1073.80
832.77 1048.80
833.56 1025.40
834.10 1004.00
835.69 1006.20
836.49 982.20
837.29 975.00
838.35 985.40
838.88 962.40
