1700.00 696.00
1701.00 652.00
1702.00 629.00
1703.00 625.00
1704.00 620.00
1705.00 627.00
1706.00 628.00
1707.00 627.00
1708.00 641.00
1709.00 638.00
1710.00 643.00
1711.00 643.00
1712.00 635.00
1713.00 645.00
1714.00 648.00
1715.00 645.00
1716.00 665.00
1717.00 664.00
1718.00 661.00
1719.00 660.00
1720.00 665.00
1721.00 685.00
1722.00 673.00
1723.00 673.00
1724.00 672.00
1725.00 693.00
1726.00 691.00
1727.00 698.00
1728.00 698.00
1729.00 692.00
1730.00 705.00
1731.00 720.00
1732.00 702.00
1733.00 744.00
1734.00 736.00
1735.00 727.00
1736.00 746.00
1737.00 731.00
1738.00 760.00
1739.00 752.00
1740.00 759.00
1741.00 788.00
1742.00 780.00
1743.00 770.00
1744.00 789.00
1745.00 797.00
1746.00 794.00
1747.00 826.00
1748.00 809.00
1749.00 817.00
1750.00 831.00
1751.00 836.00
1752.00 859.00
1753.00 878.00
1754.00 883.00
1755.00 884.00
1756.00 883.00
1757.00 903.00
1758.00 888.00
1759.00 926.00
1760.00 923.00
1761.00 952.00
1762.00 960.00
1763.00 946.00
1764.00 967.00
1765.00 988.00
1766.00 974.00
1767.00 1006.00
1768.00 1036.00
1769.00 1039.00
1770.00 1042.00
1771.00 1056.00
1772.00 1070.00
1773.00 1073.00
1774.00 1071.00
1775.00 1100.00
1776.00 1108.00
1777.00 1126.00
1778.00 1145.00
1779.00 1146.00
1780.00 1163.00
1781.00 1166.00
1782.00 1197.00
1783.00 1186.00
1784.00 1227.00
1785.00 1219.00
1786.00 1238.00
1787.00 1291.00
1788.00 1294.00
1789.00 1289.00
1790.00 1323.00
1791.00 1340.00
1792.00 1331.00
1793.00 1353.00
1794.00 1372.00
1795.00 1362.00
1796.00 1405.00
1797.00 1422.00
1798.00 1435.00
1799.00 1446.00
1800.00 1468.00
1801.00 1486.00
1802.00 1495.00
1803.00 1502.00
1804.00 1517.00
1805.00 1540.00
1806.00 1563.00
1807.00 1572.00
1808.00 1609.00
1809.00 1631.00
1810.00 1627.00
1811.00 1663.00
1812.00 1662.00
1813.00 1668.00
1814.00 1704.00
1815.00 1705.00
1816.00 1727.00
1817.00 1767.00
1818.00 1788.00
1819.00 1824.00
1820.00 1830.00
1821.00 1873.00
1822.00 1832.00
1823.00 1869.00
1824.00 1914.00
1825.00 1875.00
1826.00 1906.00
1827.00 1951.00
1828.00 1977.00
1829.00 2001.00
1830.00 2003.00
1831.00 2015.00
1832.00 2051.00
1833.00 2060.00
1834.00 2117.00
1835.00 2079.00
1836.00 2122.00
1837.00 2156.00
1838.00 2154.00
1839.00 2166.00
1840.00 2203.00
1841.00 2246.00
1842.00 2270.00
1843.00 2260.00
1844.00 2278.00
1845.00 2311.00
1846.00 2315.00
1847.00 2358.00
1848.00 2378.00
1849.00 2392.00
1850.00 2429.00
1851.00 2433.00
1852.00 2421.00
1853.00 2445.00
1854.00 2509.00
1855.00 2509.00
1856.00 2553.00
1857.00 2530.00
1858.00 2604.00
1859.00 2606.00
1860.00 2603.00
1861.00 2655.00
1862.00 2679.00
1863.00 2708.00
1864.00 2745.00
1865.00 2761.00
1866.00 2763.00
1867.00 2800.00
1868.00 2805.00
1869.00 2832.00
1870.00 2870.00
1871.00 2891.00
1872.00 2869.00
1873.00 2929.00
1874.00 2937.00
1875.00 2970.00
1876.00 2996.00
1877.00 3016.00
1878.00 3045.00
1879.00 3048.00
1880.00 3122.00
1881.00 3107.00
1882.00 3085.00
1883.00 3148.00
1884.00 3194.00
1885.00 3202.00
1886.00 3254.00
1887.00 3275.00
1888.00 3292.00
1889.00 3349.00
1890.00 3358.00
1891.00 3378.00
1892.00 3450.00
1893.00 3403.00
1894.00 3402.00
1895.00 3419.00
1896.00 3516.00
1897.00 3506.00
1898.00 3574.00
1899.00 3595.00
1900.00 3615.00
1901.00 3620.00
1902.00 3611.00
1903.00 3640.00
1904.00 3689.00
1905.00 3694.00
1906.00 3710.00
1907.00 3757.00
1908.00 3802.00
1909.00 3816.00
1910.00 3829.00
1911.00 3899.00
1912.00 3885.00
1913.00 3882.00
1914.00 3959.00
1915.00 3983.00
1916.00 4022.00
1917.00 4008.00
1918.00 4020.00
1919.00 4102.00
1920.00 4073.00
1921.00 4070.00
1922.00 4138.00
1923.00 4161.00
1924.00 4176.00
1925.00 4168.00
1926.00 4191.00
1927.00 4239.00
1928.00 4260.00
1929.00 4326.00
1930.00 4389.00
1931.00 4366.00
1932.00 4463.00
1933.00 4398.00
1934.00 4442.00
1935.00 4484.00
1936.00 4477.00
1937.00 4592.00
1938.00 4566.00
1939.00 4563.00
1940.00 4600.00
1941.00 4617.00
1942.00 4678.00
1943.00 4710.00
1944.00 4721.00
1945.00 4702.00
1946.00 4797.00
1947.00 4802.00
1948.00 4782.00
1949.00 4838.00
1950.00 4847.00
1951.00 4863.00
1952.00 4937.00
1953.00 4955.00
1954.00 4973.00
1955.00 4991.00
1956.00 5010.00
1957.00 5047.00
1958.00 5109.00
1959.00 5097.00
1960.00 5066.00
1961.00 5124.00
1962.00 5212.00
1963.00 5270.00
1964.00 5270.00
1965.00 5316.00
1966.00 5309.00
1967.00 5327.00
1968.00 5359.00
1969.00 5358.00
1970.00 5449.00
1971.00 5372.00
1972.00 5465.00
1973.00 5494.00
1974.00 5560.00
1975.00 5561.00
1976.00 5534.00
1977.00 5579.00
1978.00 5619.00
1979.00 5649.00
1980.00 5684.00
1981.00 5662.00
1982.00 5709.00
1983.00 5770.00
1984.00 5789.00
1985.00 5762.00
1986.00 5877.00
1987.00 5835.00
1988.00 5932.00
1989.00 5860.00
1990.00 5942.00
1991.00 6016.00
1992.00 5984.00
1993.00 5983.00
1994.00 6043.00
1995.00 6059.00
1996.00 6098.00
1997.00 6107.00
1998.00 6144.00
1999.00 6175.00
2000.00 6182.00
2001.00 6208.00
2002.00 6218.00
2003.00 6296.00
2004.00 6230.00
2005.00 6288.00
2006.00 6395.00
2007.00 6313.00
2008.00 6316.00
2009.00 6402.00
2010.00 6465.00
2011.00 6475.00
2012.00 6544.00
2013.00 6462.00
2014.00 6517.00
2015.00 6579.00
2016.00 6614.00
2017.00 6671.00
2018.00 6635.00
2019.00 6618.00
2020.00 6631.00
2021.00 6716.00
2022.00 6715.00
2023.00 6753.00
2024.00 6828.00
2025.00 6860.00
2026.00 6831.00
2027.00 6874.00
2028.00 6847.00
2029.00 6972.00
2030.00 6917.00
2031.00 7026.00
2032.00 7019.00
2033.00 6933.00
2034.00 6969.00
2035.00 7038.00
2036.00 7019.00
2037.00 7031.00
2038.00 7112.00
2039.00 7115.00
2040.00 7069.00
2041.00 7161.00
2042.00 7126.00
2043.00 7180.00
2044.00 7223.00
2045.00 7251.00
2046.00 7274.00
2047.00 7243.00
2048.00 7311.00
2049.00 7322.00
2050.00 7252.00
2051.00 7327.00
2052.00 7398.00
2053.00 7410.00
2054.00 7435.00
2055.00 7414.00
2056.00 7479.00
2057.00 7463.00
2058.00 7425.00
2059.00 7561.00
2060.00 7525.00
2061.00 7581.00
2062.00 7529.00
2063.00 7595.00
2064.00 7632.00
2065.00 7658.00
2066.00 7625.00
2067.00 7672.00
2068.00 7685.00
2069.00 7710.00
2070.00 7680.00
2071.00 7699.00
2072.00 7750.00
2073.00 7760.00
2074.00 7716.00
2075.00 7784.00
2076.00 7755.00
2077.00 7787.00
2078.00 7852.00
2079.00 7822.00
2080.00 7842.00
2081.00 7825.00
2082.00 7853.00
2083.00 7898.00
2084.00 7970.00
2085.00 7957.00
2086.00 7940.00
2087.00 7965.00
2088.00 8093.00
2089.00 7982.00
2090.00 8077.00
2091.00 8050.00
2092.00 8059.00
2093.00 8048.00
2094.00 8058.00
2095.00 8027.00
2096.00 8062.00
2097.00 8114.00
2098.00 8136.00
2099.00 8063.00
2100.00 8138.00
2101.00 8101.00
2102.00 8085.00
2103.00 8097.00
2104.00 8122.00
2105.00 8106.00
2106.00 8202.00
2107.00 8235.00
2108.00 8206.00
2109.00 8249.00
2110.00 8274.00
2111.00 8197.00
2112.00 8196.00
2113.00 8277.00
2114.00 8251.00
2115.00 8258.00
2116.00 8282.00
2117.00 8257.00
2118.00 8283.00
2119.00 8352.00
2120.00 8277.00
2121.00 8405.00
2122.00 8270.00
2123.00 8315.00
2124.00 8349.00
2125.00 8334.00
2126.00 8330.00
2127.00 8346.00
2128.00 8400.00
2129.00 8401.00
2130.00 8372.00
2131.00 8361.00
2132.00 8392.00
2133.00 8382.00
2134.00 8415.00
2135.00 8419.00
2136.00 8392.00
2137.00 8426.00
2138.00 8486.00
2139.00 8521.00
2140.00 8448.00
2141.00 8450.00
2142.00 8414.00
2143.00 8488.00
2144.00 8471.00
2145.00 8495.00
2146.00 8434.00
2147.00 8550.00
2148.00 8433.00
2149.00 8491.00
2150.00 8526.00
2151.00 8484.00
2152.00 8516.00
2153.00 8531.00
2154.00 8567.00
2155.00 8559.00
2156.00 8573.00
2157.00 8639.00
2158.00 8595.00
2159.00 8594.00
2160.00 8613.00
2161.00 8615.00
2162.00 8635.00
2163.00 8618.00
2164.00 8629.00
2165.00 8605.00
2166.00 8574.00
2167.00 8626.00
2168.00 8655.00
2169.00 8665.00
2170.00 8681.00
2171.00 8612.00
2172.00 8595.00
2173.00 8666.00
2174.00 8614.00
2175.00 8668.00
2176.00 8625.00
2177.00 8734.00
2178.00 8646.00
2179.00 8734.00
2180.00 8663.00
2181.00 8652.00
2182.00 8630.00
2183.00 8688.00
2184.00 8727.00
2185.00 8637.00
2186.00 8701.00
2187.00 8746.00
2188.00 8745.00
2189.00 8738.00
2190.00 8729.00
2191.00 8781.00
2192.00 8780.00
2193.00 8743.00
2194.00 8832.00
2195.00 8686.00
2196.00 8809.00
2197.00 8803.00
2198.00 8892.00
2199.00 8800.00
2200.00 8820.00
2201.00 8783.00
2202.00 8769.00
2203.00 8734.00
2204.00 8776.00
2205.00 8755.00
2206.00 8705.00
2207.00 8773.00
2208.00 8739.00
2209.00 8770.00
2210.00 8783.00
2211.00 8839.00
2212.00 8846.00
2213.00 8827.00
2214.00 8769.00
2215.00 8788.00
2216.00 8805.00
2217.00 8842.00
2218.00 8783.00
2219.00 8857.00
2220.00 8844.00
2221.00 8800.00
2222.00 8847.00
2223.00 8804.00
2224.00 8854.00
2225.00 8767.00
2226.00 8876.00
2227.00 8890.00
2228.00 8835.00
2229.00 8862.00
2230.00 8856.00
2231.00 8913.00
2232.00 8893.00
2233.00 8800.00
2234.00 8870.00
2235.00 8813.00
2236.00 8875.00
2237.00 8913.00
2238.00 8897.00
2239.00 8813.00
2240.00 8887.00
2241.00 8874.00
2242.00 8806.00
2243.00 8935.00
2244.00 8898.00
2245.00 8961.00
2246.00 8930.00
2247.00 8923.00
2248.00 8974.00
2249.00 8920.00
2250.00 8931.00
2251.00 8916.00
2252.00 8901.00
2253.00 8925.00
2254.00 8837.00
2255.00 8897.00
2256.00 8938.00
2257.00 8854.00
2258.00 8894.00
2259.00 8847.00
2260.00 8940.00
2261.00 8972.00
2262.00 8993.00
2263.00 8910.00
2264.00 8913.00
2265.00 9022.00
2266.00 9022.00
2267.00 8895.00
2268.00 8939.00
2269.00 8936.00
2270.00 8956.00
2271.00 8994.00
2272.00 8907.00
2273.00 8927.00
2274.00 8972.00
2275.00 9000.00
2276.00 8962.00
2277.00 8923.00
2278.00 8942.00
2279.00 9037.00
2280.00 8935.00
2281.00 8994.00
2282.00 8985.00
2283.00 8954.00
2284.00 8985.00
2285.00 8976.00
2286.00 9010.00
2287.00 8941.00
2288.00 9002.00
2289.00 8962.00
2290.00 9002.00
2291.00 8976.00
2292.00 8979.00
2293.00 8981.00
2294.00 9025.00
2295.00 8999.00
2296.00 9074.00
2297.00 9019.00
2298.00 9032.00
2299.00 8984.00
2300.00 8996.00
2301.00 8965.00
2302.00 8968.00
2303.00 9017.00
2304.00 8974.00
2305.00 9049.00
2306.00 9026.00
2307.00 9069.00
2308.00 9010.00
2309.00 9021.00
2310.00 8991.00
2311.00 9020.00
2312.00 8977.00
2313.00 9069.00
2314.00 9055.00
2315.00 9104.00
2316.00 9033.00
2317.00 9022.00
2318.00 9033.00
2319.00 9064.00
2320.00 8996.00
2321.00 9006.00
2322.00 9050.00
2323.00 8997.00
2324.00 9010.00
2325.00 9063.00
2326.00 9081.00
2327.00 9039.00
2328.00 9069.00
2329.00 9083.00
2330.00 9070.00
2331.00 9022.00
2332.00 9037.00
2333.00 9027.00
2334.00 9072.00
2335.00 9051.00
2336.00 9045.00
2337.00 9124.00
2338.00 8997.00
2339.00 9048.00
2340.00 8980.00
2341.00 9047.00
2342.00 9060.00
2343.00 9020.00
2344.00 9038.00
2345.00 9079.00
2346.00 9046.00
2347.00 9098.00
2348.00 9082.00
2349.00 9016.00
2350.00 9016.00
2351.00 9044.00
2352.00 9047.00
2353.00 9049.00
2354.00 9024.00
2355.00 9047.00
2356.00 9054.00
2357.00 9056.00
2358.00 9136.00
2359.00 9051.00
2360.00 9071.00
2361.00 9012.00
2362.00 9068.00
2363.00 9073.00
2364.00 9024.00
2365.00 9060.00
2366.00 9091.00
2367.00 9046.00
2368.00 9085.00
2369.00 9068.00
2370.00 9042.00
2371.00 9122.00
2372.00 8985.00
2373.00 9061.00
2374.00 9020.00
2375.00 9034.00
2376.00 9110.00
2377.00 9055.00
2378.00 9046.00
2379.00 9043.00
2380.00 9096.00
2381.00 9065.00
2382.00 9049.00
2383.00 9001.00
2384.00 9033.00
2385.00 9056.00
2386.00 9027.00
2387.00 9101.00
2388.00 9047.00
2389.00 9011.00
2390.00 9033.00
2391.00 9068.00
2392.00 9013.00
2393.00 9109.00
2394.00 9032.00
2395.00 9036.00
2396.00 9010.00
2397.00 9078.00
2398.00 9049.00
2399.00 9053.00
2400.00 9099.00
2401.00 9055.00
2402.00 8996.00
2403.00 9093.00
2404.00 9072.00
2405.00 9085.00
2406.00 9025.00
2407.00 9067.00
2408.00 9059.00
2409.00 9099.00
2410.00 9098.00
2411.00 9076.00
2412.00 9037.00
2413.00 9082.00
2414.00 8978.00
2415.00 8980.00
2416.00 9058.00
2417.00 9036.00
2418.00 9064.00
2419.00 9043.00
2420.00 9145.00
2421.00 9040.00
2422.00 9043.00
2423.00 9014.00
2424.00 9037.00
2425.00 9045.00
2426.00 9023.00
2427.00 9120.00
2428.00 9099.00
2429.00 9080.00
2430.00 8998.00
2431.00 9092.00
2432.00 9070.00
2433.00 9048.00
2434.00 9071.00
2435.00 9048.00
2436.00 8971.00
2437.00 9140.00
2438.00 8984.00
2439.00 8935.00
2440.00 9006.00
2441.00 9092.00
2442.00 9094.00
2443.00 9054.00
2444.00 9084.00
2445.00 9034.00
2446.00 9115.00
2447.00 9051.00
2448.00 9063.00
2449.00 9104.00
2450.00 9068.00
2451.00 9053.00
2452.00 9065.00
2453.00 9063.00
2454.00 9041.00
2455.00 8949.00
2456.00 9033.00
2457.00 9082.00
2458.00 9117.00
2459.00 9064.00
2460.00 9100.00
2461.00 9055.00
2462.00 9074.00
2463.00 9068.00
2464.00 8968.00
2465.00 9027.00
2466.00 8983.00
2467.00 9009.00
2468.00 9047.00
2469.00 9081.00
2470.00 9023.00
2471.00 9067.00
2472.00 9032.00
2473.00 8990.00
2474.00 9095.00
2475.00 9061.00
2476.00 9043.00
2477.00 9074.00
2478.00 9080.00
2479.00 9057.00
2480.00 9088.00
2481.00 9039.00
2482.00 9067.00
2483.00 9038.00
2484.00 9032.00
2485.00 9117.00
2486.00 9097.00
2487.00 9052.00
2488.00 8993.00
2489.00 9020.00
2490.00 9048.00
2491.00 9025.00
2492.00 9051.00
2493.00 9042.00
2494.00 9076.00
2495.00 9016.00
2496.00 9061.00
2497.00 9044.00
2498.00 8995.00
2499.00 9045.00
2500.00 9032.00
